0.7783977382689063
0.5986264750012287
0.3487258650368321
0.7880158385824952
0.706098017109446
0.7266540323211068
0.025003227174232645
0.5653800641973666
0.17211053345928995
0.17206701433766458
0.2838206032776853
0.05017764915105849
0.963129977054195
0.9800821745186391
0.07446553601395489
0.2538520043316169
0.9933586927794609
0.4627448543974987
0.8028877346401049
0.8583641473932958
0.9674423602693817
0.2731785166951902
0.4237669033261615
0.3440265409142873
0.6778792488590343
0.056368632602685986
0.7904866399200473
0.7736893338925622
0.16654232060324448
0.33767536586501934
0.7795036434347483
0.7836156690445024
