0.6490755860328749
0.16536832816890745
0.6117453758548907
0.41205438129161975
0.6487794510257406
0.4414290979971599
0.23993451475947636
0.4650034931830862
0.32204584656538837
0.33525413615499144
0.35795216868595725
0.45430247393733614
0.23120475558684506
0.3992306924859137
0.2635951651667634
0.17566607661920064
0.9370870492202565
0.7208491680394837
0.6050839714583274
0.8531739718198871
0.5519670937609022
0.15085763676799668
0.2957884339289346
0.01690363224282887
0.3382297762634837
0.32625435109734335
0.25334705261234214
0.6950548592525948
0.8059388499286073
0.08012237346509132
0.6598365102230471
0.7698236050884539
0.816149558244587
0.32423256816096635
0.3037989787905503
0.04690634522888415
0.09147974925542701
0.009158314261972333
0.16600419384782017
0.4818736610945188
0.6817195368954275
0.09436654947075662
0.1270915018313472
0.6934954992072612
0.7664512603294833
0.021682564817590233
0.5686676608314816
0.3660833781123983
0.0633697845661314
0.68532959303142
0.3552006985609
0.4519166717616877
0.2914409877657219
0.7275527562293471
0.3493252022301565
0.4275536241522454
0.3614146833638324
0.06835675272907749
0.3392105130705382
0.0492007360973008
0.5776414718180739
0.607091256585762
0.695514813474122
0.5774383391692943
