0.7409312840794137
0.9408121735364253
0.6924425302416888
0.7042727211931339
0.022687152818766654
0.8740067202119641
0.5976373644135139
0.20102025867368678
0.2332913520231209
0.5636094171892739
0.23133159230877665
0.31091001546807195
0.8676856388835242
0.6856308016984209
0.28568636976363215
0.3907077677449027
0.9114549446524645
0.27138839661622394
0.22918300188024898
0.4520165119959383
0.41604085365556753
0.26583162959594286
0.44897310743199736
0.7802757026654875
0.786540516237569
0.833361490177797
0.2630796823243988
0.7652816209025771
0.46021846500700925
0.5613851394854296
0.4610541551577755
0.08456157322329416
0.4165126294811884
0.4298130370343103
0.31306230183279216
0.2883973292069304
0.7313698156166429
0.17120052665211516
0.9084420560919932
0.6040994701541362
0.16083663392906067
0.051952331390309525
0.6706382474134048
0.23219415642017815
0.96690352824681
0.7929062952169188
0.5901338820667843
0.8486349076833549
0.6187692776944703
0.726881338276865
0.6225427122470489
0.8269468411098052
0.18196141950661027
0.6385617934000637
0.9543093121760016
0.6090195177042507
0.4832437333542876
0.37838205475353026
0.26876311509575135
0.1758686568282355
0.670059352783074
0.9117328562955663
0.6263815009515314
0.31688012209090965
0.7276033708396503
0.2042623169805703
0.17112326185763294
0.8991914098345974
0.2344231715438445
0.35111615452233735
0.6020265385790229
0.8625003566275204
0.032367313401081343
0.004889754572135474
0.4571277522831474
0.029807495129979822
0.0539139097961473
0.020811612831028614
0.14902801807055288
0.3722239861428026
0.7292975955087705
0.3842039188875954
0.47856542714525163
0.01798064786731801
0.26621146061391343
0.7883069393735086
0.3834565511662933
0.28449684056980873
0.8432903355121383
0.39582699140820565
0.6312957620336537
0.40020651237875693
0.6422511765660329
0.7112165444332608
0.9904458617935027
0.9425233567769781
0.45616050911501327
0.12884489376811692
0.5197562974420972
0.798893704915626
0.9457988625708261
0.5277357662569653
0.35784180302635793
0.09393291353226108
0.2522293454666592
0.8709585714273382
0.888988014008948
0.24186351943209938
0.1601557687619044
0.9628687128907001
0.6154020451971536
0.6227475032076164
0.6606520486822661
0.26936326099947683
0.5382984555564858
0.40041723405975727
0.9697798792487675
0.08333685016057957
0.2939183679206644
0.18660530573565626
0.5583485582170222
0.16150305434097112
0.1915805737828975
0.6838623540358856
0.6066961060014967
0.13288254333356464
0.4754816541763619
0.883220940329872
