0.734968848728788
0.715577644881784
0.9360538233423503
0.791040826562878
0.6453796486437741
0.6473447494171108
0.17695100439588196
0.531382973154266
0.2964698909742458
0.18784255083549284
0.28909673670386293
0.08187571387856996
0.17272096499663658
0.2565093731463808
0.7121741633860551
0.40699672824033317
0.9637813665604968
0.949233156136773
0.5813602687326376
0.008871824228717795
0.7642173816429226
0.6391144591338617
0.8778041864641072
0.3588039393759751
0.04151732268150954
0.47571369867544155
0.5655863750632539
0.19443414171303397
0.6899300065290216
0.7007866054565538
0.20107270496419372
0.7148555895223904
0.9548565116435537
0.5242060719796191
0.8960024699508992
0.5186258621254551
0.4828851876215047
0.18950223854946102
0.6211166533044105
0.6267904056215368
0.5173576575767823
0.22185767287061453
0.19217133289588495
0.6190593471309552
0.8209563444691991
0.9187735596506342
0.8751258725159329
0.9623644719696114
0.9079128354105189
0.5754612822169543
0.6964036073571186
0.011241914308223966
0.15667950704984268
0.8920472110238786
0.5769197694390257
0.6895157804249509
0.22085449788900435
0.07622398452967383
0.20523698440340787
0.5202426744955017
0.10456148968760881
0.8723529303209393
0.49534136411526486
0.2615785297201617
0.2229718020507102
0.1323026588926567
0.791676609045517
0.9299553986633637
0.14812333136113276
0.8743533345998153
0.23345664676075606
0.4542788867624312
0.8374299314991105
0.06134786185915764
0.845700575455371
0.522565028092728
0.39086502668553214
0.020129894119589986
0.1351046761385789
0.9843033447993136
0.7076636678447278
0.08609518894322388
0.49664599511890006
0.550606723214324
0.2813439523461706
0.9734335677002708
0.6748587209160204
0.5905844617898351
0.8695498242679054
0.8504623255817185
0.9573646434956966
0.42240120975590145
0.8477091172965651
0.16406686442819673
0.9734837335531324
0.44233521097157447
0.13655870264826075
0.8050293780751993
0.394498988300521
0.749023295780338
0.637819995794258
0.8046640755167546
0.08214609748080937
0.4204823651220453
0.13396045057768702
0.09492483432880816
0.8613966501115577
0.2749626788412538
0.8875081556418112
0.6592022442848582
0.38627855025492686
0.0022101995193695156
0.3553567123985306
0.05183802972417584
0.5656233820343516
0.7953275279077325
0.7500948970965127
0.3897113239364106
0.5895128657641877
0.71547297751654
0.6190015092508565
0.26352222844871565
0.085285381258289
0.4132278527163836
0.9590375724443918
0.07018426971153946
0.9626685094113274
0.6004872315994643
0.49812278137143173
0.8107671894096302
0.04780458158188117
0.12137786305828768
0.6177809517755514
0.3218424283667015
0.7425890456060426
0.2645122747002854
0.5399255809743745
0.7914127058670333
0.7816275107366893
0.7275178180007446
0.26238588959999787
0.9739513479746373
0.2568386716830824
0.26811975094589935
0.6831681195083412
0.9653114955372039
0.4987367685262627
0.23477454398855613
0.27774287059935054
0.6801951572389495
0.7365811826884225
0.07101778203297737
0.2050522912468915
0.5848746429870527
0.639873166151433
0.22480175895143684
0.3765958419615687
0.1525696058328455
0.9337437894452802
0.08640728947653553
0.0435990218248441
0.18449865256025555
0.42331192473345625
0.10494399219367279
0.4950332483186394
0.1803297323190457
0.20603386348098773
0.031894134741864866
0.6866629969994521
0.17641067389230947
0.6140969862317059
0.3051050395816577
0.5697901566914516
0.03825615922609682
0.04969662569091238
0.2645870312217564
0.8106796239506652
0.4736241502724937
0.5648650499424371
0.2033304743102099
0.849986040524697
0.7580200305355153
0.08907091629965147
0.9108605747314831
0.3890764072978712
0.5089097825827502
0.5922299865482151
0.2974656003857934
0.2176758276044365
0.011690205710581436
0.4197740791755574
0.3728463617106348
0.15188146157475035
0.3186749155644535
0.7467228101392841
0.3075740656928493
0.7574508919357168
0.7555026679940164
0.8565724926114305
0.29804096873956043
0.9669646522018257
0.49950782961921236
0.48105372625640286
0.03530565394241736
0.12078709782156749
0.8825310028399437
0.8014111574651543
0.23931107921033157
0.4836981592488214
0.9431904400761015
0.8996858964644591
0.4837198731545256
0.6136070239227475
0.26018242780428846
0.739499610245522
0.8393065106324328
0.28519562954134947
0.47992338188052
0.20859915386707228
0.6765976868176413
0.9910544344221742
0.40175615247812413
0.18458128619682435
0.7476144018881018
0.7469142531888655
0.028039373173010085
0.7670513780557825
0.2356215007551049
0.6304814744761976
0.6428629234040298
0.8315797842592837
0.7958603718503567
0.3220645168527566
0.16411663367640617
0.9210697766565042
0.9500704706477002
0.8879097785881174
0.02771594226458518
0.15980120584996194
0.3290071047889114
0.838111254327017
0.5983072938398554
0.31270003878174646
0.49831742467527407
0.5197364278184414
0.6046680732651505
0.4212766722542638
0.6215196100731099
0.5592667012725
0.4055381996360532
0.6537601377710496
0.984908383505759
0.28725632559425895
0.4434156787012684
0.29411063799992143
0.1278762471092706
