0.28293813966539927
0.2114403589325492
0.4636491918657266
0.5092297038916114
0.445650571891711
0.6279719048868031
0.995478936933801
0.8278535446258266
0.010261785878958207
0.7062264443719605
0.7963158981092238
0.3396440693345484
0.927098770838408
0.038355167741485396
0.7007195803889346
0.43356597432961996
0.2880668849198109
0.8464746044176511
0.3151237033619255
0.7189458602785662
0.03284418456659721
0.19948894453381594
0.9858005179129025
0.8882444169828329
0.2438600864762298
0.1882911506246152
0.01617017724743497
0.5853007381503729
0.5573675103849289
0.5377987108461548
0.879854993248991
0.49418495073622304
0.6923922818211483
0.9984072419951462
0.89675202097272
0.9097901367706195
0.05270174083831758
0.5116831978674783
0.2648267891805225
0.9537163135610881
0.3236302819053569
0.05801951205933886
0.9157038890927442
0.3728374714435859
0.776120022026604
0.8076541233130641
0.995970442461292
0.39244789201004016
0.09867090082999541
0.8244807143499301
0.047790392259227765
0.63689753196688
0.09333727932541458
0.9541988995129027
0.6815019487706991
0.007323151298243347
0.24957371869432665
0.6482563747039254
0.7420659673681327
0.17262521141875042
0.34394747637840817
0.9635266180629892
0.9618978012036953
0.21396847217220671
0.41807422167171915
0.8527660160597229
0.1468223326687702
0.9229084411026426
0.9724479344765341
0.7399337497461794
0.42625680911086294
0.6518615064511433
0.19914883989831367
0.80403333268634
0.6602331729581076
0.005331799167680562
0.13182300198837915
0.8198919367914722
0.36657095138523543
0.08022742682692774
0.18484189128794237
0.13770764533023272
0.5541327668790667
0.05240044602519833
0.15770415222985978
0.23482461154290601
0.957023599080386
0.9835483854074708
0.500613199031105
0.9666314103309237
0.4493375544848066
0.5811726694180822
0.14329897170665806
0.9186007089240834
0.9502937679080042
0.3298999635319192
0.8415740387713109
0.5112205341742861
0.29934764341632425
0.8983068629232004
0.8552642256769053
0.39542261880408114
0.4435407656732736
0.6880456237287503
0.011521395296799408
0.7724386638755448
0.17948855284131537
0.6372792444801885
0.9996212960704901
0.9473031962612477
0.69119876672959
0.8377957324234863
0.9217141258767768
0.7072217365256322
0.9963822565594026
0.7300142225174818
0.1145663993683208
0.19964065074072967
0.5928607060040947
0.07429275774150845
0.5154614690913195
0.1157418867027662
0.36264528635346915
0.9768390876997812
0.11079896816646484
0.9006165274520267
0.5589395644958688
0.12193103401470295
0.9184344082705257
0.6331197718961612
0.5077152083234847
0.5372917065735022
0.4445946123272204
0.37188620286927476
0.14446760445484097
0.3201646652417578
0.3047554678023968
0.2842439860557062
0.4378134483873457
0.9709872599229417
0.7490999235334176
0.9222688033461629
0.3705207373158004
0.2904952173126938
0.5099775831028496
0.9542008037606594
0.5532773157838027
0.36382294358749945
0.21229177952832345
0.5887552255691473
0.08553742476374215
0.2708897541546239
0.6834371459616276
0.9610972269471052
0.6145529875816491
0.05466352051033063
0.4860205097449434
0.12980779546494015
0.4348210212952166
0.9050343847835507
0.9254993750321231
0.7099103801170247
0.9902014010271806
0.5630446621650625
0.783622020743221
0.20347478949897468
0.40254747208668784
0.17431392037690774
0.06170986112380372
0.8140407974483459
0.7979997400718496
0.7798358114043921
0.8341590230062663
0.5899635611276315
0.2761124270971953
0.4750369519751845
0.7948330368848747
0.6192963282881548
0.39671529690523744
0.004449093010947647
0.6810447331366416
0.19391305233092238
0.4247612180854763
0.5560860544251855
0.4125925900777898
0.2660456093296031
0.9206144888973337
0.397310927044945
0.9327699704039841
0.9500410041199527
0.21084324025803292
0.1355890200330203
0.6901477996327041
0.35580079100570094
0.26403328990457353
5.105944775798399E-4
0.7580711726418297
0.9255810620640007
0.3831012396057397
0.39850373600590494
0.9012870357888231
0.16110388450339275
0.21051829065532113
0.5256919170797992
0.11177943315238503
0.07640173878609613
0.5601460563278916
0.007501590274459513
0.1491173239566912
0.5719647417004561
0.407931130406066
0.6610700185359187
0.04249782979952543
0.18117984799990294
0.1870945735248145
0.2139632995797517
0.9202320544707794
0.060326464109752065
0.42520799727054437
0.3910479949400779
0.4220705298659094
0.20951955216147422
0.9551627030654242
0.7304585407548265
0.6863504591055543
0.7400926600536769
0.5191840968341173
0.6686712903441128
0.8493501465588346
0.96434513061107
0.6523078285885573
0.3503986793226893
0.32931569262265625
0.30234335307351556
0.7168860658907862
0.7660069301491863
0.6967434908912189
0.6582526841300796
0.09438037285401923
0.6001750232587076
0.035420227746242094
0.2532356082538494
0.3144476124068475
0.05357418076740439
0.1787675292433467
0.49912353272324406
0.19074918657539142
0.9355153681754959
0.07886171640880846
0.31780532996683397
0.3952108184793326
0.7757852944272675
0.4844859476507626
0.11170208979239882
0.03241463673601419
0.7677998885386847
0.3259713711229071
0.9864810365574109
0.6081494157472356
0.18912882063542913
0.8613472990290318
0.651695719451254
0.3513180723637125
0.6748296233372321
0.6714516985546702
0.3281636621335472
0.3776167211483984
0.7450887087541316
0.22110206171477065
0.19002558804540448
0.9700873477672131
0.32979913275778183
0.36948026172657134
0.12291282551913718
0.5678983253513882
0.737719069812257
0.747310682145832
0.9751255921857449
0.10147359483406582
0.032899696448958515
0.26869663881134875
0.6398957389083489
0.6587523066668062
0.7959620780784281
0.4156526410666759
0.4069116238199951
0.4610159457586983
0.5703891359461764
0.6659488958003247
0.5548292850796925
0.025342548624168515
0.9488952582097908
0.1987982447927784
0.3006629915138088
0.4543749093514733
0.6061194819881687
0.9617219262596888
0.8417277385367479
0.8619928830712404
0.8802767760502559
0.9267813840511201
0.9530450259400184
0.16895421167194347
0.5285812942206983
0.3333708335973812
0.2801225193839507
0.3425014688366046
0.9931016709146462
0.2263619881820793
0.8908312693447009
0.5084832866232136
0.12177458619632853
0.9347018667749416
0.455695051179267
0.8618307897628404
0.20028349880703034
0.18480969878774167
0.34519481328334656
0.8925807550295072
0.6884982971267943
0.696303652373744
0.6727138180712472
0.8803657667376169
0.043117968789273986
0.8048410726843515
0.5044375347447413
0.6002076192425325
0.7833706060009696
0.71054713438379
0.7929332570798697
0.37222450424720444
0.4777116612318838
0.8122789579473152
0.543783279188468
0.8663909194294644
0.5018598601624055
0.8354795467445726
0.5324310284179334
0.9926402665929678
0.657379034771226
0.9898045120792566
0.8845470422253021
0.8418901429000286
0.8849355418579334
0.01526574362490385
0.9774853922542476
0.14534029881425414
0.40174701580544236
0.01770241677797746
0.635232029482403
0.05153300297012586
0.4284165031961419
0.5650144182578214
0.20410680526179792
0.7376504468829134
0.819454492161384
0.341054040777781
0.7973349462013942
0.5709844812554979
0.6705808757017324
0.9687272413474196
0.8679417089259761
0.4518353469858919
0.6668689035145275
0.3059177359985684
0.6160293900073532
0.20365594157995437
0.6665510999407234
0.5785111731884619
0.8946495039971011
0.950227696018102
0.5613565368439704
0.20768406869762268
0.8460110010365115
0.7622805125660135
0.8605375392672813
0.9910649912357968
0.8863750179291519
0.9889451597654326
0.1599913964746642
0.5627302250556397
0.7554903690879211
0.8978332895139673
0.9305115535786413
0.3311841595135737
0.6971373125388369
0.3805074506860062
0.16451622055188853
0.3541115467993282
0.3083427030148943
0.058444248457868886
0.26663933370655324
0.4719390279135175
0.5017115684812795
0.9931338977064202
0.9090472043019707
0.801524995748655
0.6299559127695479
0.09570500457138065
0.6318517514159484
0.7472978638627424
0.09696005168272637
0.13387152092214993
0.33807869766216414
0.6486197071506905
0.6990696172735402
0.4261565271719868
0.20726211265898653
0.5018858250461392
0.08899436963931506
0.17269010347477887
0.10426119558966407
0.05433822201005112
0.7792964943556069
0.3019262180433441
0.18943791296122459
0.6148230730998239
0.19548207763188685
0.9113426634898685
0.25754939005270516
0.755083123736878
0.23727083392512616
0.9650558996334009
0.8887090080304606
0.6474617635915281
0.6605673021756779
0.2544002544844186
0.8829910292419714
0.4104359041533219
0.9668884679852479
0.1923145571580276
0.6484177854141139
0.5606151796565205
0.15537066314266057
0.18425904199033294
0.1110942983212242
0.0563650409369123
0.26267614485420576
0.43519430079504673
0.9153356200194612
0.42705079232255616
0.002932969077971248
0.7127967170735655
0.9359954731061375
0.3879585795389682
0.8376277159085627
0.36965633547787535
0.9362392970470417
0.19872455364247255
0.6373689851258592
0.7460344336768964
0.8369535407552386
0.0967613321742864
0.835627536879451
0.09812939087851302
0.6505797434118866
0.5254519423321214
0.6912938651486698
0.6862275538569224
0.6124595522758547
0.44133341418050354
0.6227191740027828
0.12978245084855644
0.16899191543273984
0.1541159787104236
0.6269664637890464
0.5456342616923192
0.0667529272441919
0.2032321924541024
0.6088527750425655
0.8031419482740301
0.3920324492796098
0.3510746263935317
0.1349005833983825
0.03347315533325812
0.4029040856912811
0.1070522613202246
0.5068949844521279
0.1981227448282339
0.7129336944347375
0.22417315700447515
0.7659309169533619
0.07327773553440897
0.196804857592507
0.43708826280612856
0.38519338297763595
0.7342829397028651
0.039348624406915
0.993876663057346
0.4538332031493436
0.7396811607707889
0.9653696332730685
0.4458028616151435
0.3408261659731434
0.8116357353759488
0.5063599827702777
0.7327954937598994
0.7734242618841479
0.9394646125424332
0.8132280439263518
0.3546715329548331
0.3777358546085938
0.8707508021451155
0.3849245801176706
0.39161396400777837
0.054154857117931665
0.22529206584878225
0.46720662030337357
0.5327013302656153
0.8134943831890635
0.8656888662175415
0.6302886035230237
