0.011843758021981121
0.2436589567454911
0.2741393254424923
0.26643972041325137
0.09605637585190119
0.08316369031815363
0.8246664184550753
0.8939362301993661
0.45287054541658656
0.07740459632452767
0.8781411554657289
0.03722740451930373
0.8677088717650582
0.610112195907382
0.8437759996497125
0.5948524853275262
0.8889961437914036
0.13635331551354868
0.9889528379869091
0.99735749167936
0.5192652486941706
0.32561526708120836
0.8227702286318566
0.21089146935291314
0.7237623808036642
0.4425407634065185
0.6734103096727745
0.6331874085517015
0.9764875411799399
0.20240813504563182
0.23294086926799906
0.08006441293544686
0.9510464296497644
0.41854575854998854
0.6625655855093553
0.10645731824320537
0.7874824979014662
0.887880377790451
0.21585288574271333
0.5411666097149315
0.722465041951241
0.9915457689865388
0.5676320808304561
0.2532566484961256
0.05031801243867762
6.669126772652634E-4
0.62690243091585
0.8256497423201061
0.6209245185157047
0.7693202163041655
0.27468225294601056
0.35982033175174744
0.9211981019061125
0.48152884829032394
0.5377751747373315
0.17169024566269908
0.871004054324684
0.47319789983769445
0.15483428081989414
0.7774166396068718
0.6149431607671306
0.4332578324870091
0.8138090016604156
0.022988657815315006
0.2288225635478005
0.4932939676922401
0.7582728041644908
0.9369069075551536
0.9427442311537314
0.19765999296540926
0.910394443270928
0.9032099865081671
0.6112535897715488
0.44552555703963403
0.465602842156418
0.6538900486553239
0.7136017018939171
0.38742009535026045
0.47733780648850044
0.9538613064986732
0.9513211186665887
0.4684614353167339
0.6421554395559234
0.4895747855178334
0.8176630433717821
0.898698177739937
0.7130053756396244
0.728884350330337
0.3312193593059275
0.2629409012428985
0.6469297219276992
0.01274796426326863
0.4366719444023808
0.8457177355483678
0.3394553071115526
0.2363126805704422
0.6230582012795702
0.9102642287417069
0.09147984025079614
0.6415936293577419
0.4367286906000041
0.29739124079261015
0.2575325512819391
0.9273042453081712
0.9154945078091095
0.5021474392846049
0.17090185478035547
0.6938470864623073
0.7604648092668321
0.9237479042916634
0.17032527852204715
0.7643818351003985
0.7518915482991566
0.5385520179288794
0.05487268468477158
0.9776196053320566
0.18638868456486934
0.17484484375219977
0.5901815189107686
0.9719713976440578
0.7031409392292176
0.9431261436156968
0.35154610978107537
0.2647258637106177
0.775718549917924
0.21233850300520052
0.103101951378744
0.2957206644522272
0.5595723574394464
0.8423074036490754
0.49339748000783223
0.43444266364883255
0.6997531560691097
0.8130398632594943
0.2761457134900903
0.3641750691896458
0.7631769479542155
0.2788846716199159
0.5879686160878134
0.4113580376947723
0.8369073565134871
0.35400014227140186
0.5794995839374487
0.10473973196505937
0.2978596692495491
0.046498583738193044
0.6050638610118828
0.04560815078299418
0.6746704675141839
0.5763575668098451
0.21007730766472976
0.1576146761825875
0.7362842805013038
0.850895467432515
0.8705932048442261
0.5248780641242609
0.3603678468399799
0.8736891613935661
0.7024760078526336
0.809521989211461
0.9704949155636787
0.4124020255999261
0.11840814563951352
0.14882433721017163
0.5947680259042911
0.758872406041239
0.4154592241359246
0.2051265977391088
0.8937810107473242
0.6087964167688548
0.4632080162878326
0.9131851247811603
0.5161846456538586
0.7206337182709196
0.6051873896511836
0.116277132911077
0.29217775368708343
0.6528294985762783
0.4961536048026248
0.061990371846296966
0.6550630626594061
0.8887986282475273
0.427677366119925
0.6220030221343764
0.17835437312736235
0.2548691988952483
0.7402868904083872
0.38130658462727984
0.870459726419658
0.786020311658481
0.3570856209173925
0.043122517113119097
0.9113171809999397
0.4474685128765652
0.920669149972049
0.29061699773589544
0.5267721338834481
0.2744241774162314
0.44619158004025006
0.26885712214918034
0.46374605488176623
0.14905003433850228
0.8907149978358316
0.6531351271880338
0.7404778013200476
0.5088412141602614
0.8240564382344556
0.3858930752074011
0.02033834200917961
0.12475253217517268
0.6169681663852287
0.9221541703301451
0.16273507979535107
0.026376504539014967
0.13422013943626476
0.7780005236184377
0.1410635774587844
0.7801150662564172
0.7305461875865528
0.5176833892679905
0.7925574490646569
0.5875879539138212
0.7869764389692726
0.7467179863332366
0.44328677623631974
0.3483749936041207
0.6239494667926029
0.6221845338691537
0.0026985299343282865
0.347334753625534
0.46630232082144574
0.43779850114713525
0.4953356310647382
0.3365830088087065
0.44702131727585903
0.9821866168414501
0.9724585275923557
0.7919848369299328
0.22788661872173854
0.009163339882758748
0.009504739521236316
0.8550500542385527
0.44770983081703797
0.5154738446400611
0.2790742780587715
0.6294355411061976
0.3554242054883935
0.8584790289077884
0.09354743788277364
0.07674234457327322
0.7056345375326917
0.7977167353403481
0.9628032806498846
0.8738078279843198
0.7236238189289144
0.7272830548124545
0.9988211574589918
0.5070228187222048
0.2569007919735661
0.9337348845605666
0.9151733415649316
0.324537687410395
0.06852128915934996
0.6584554061051402
0.31119431195417235
0.7097868344316478
0.11006840216784197
0.9741523382167643
0.6568180564122725
0.7195035547191043
0.5582890682782952
0.7464052984535297
0.6151472672629457
0.32652902920564353
0.962128885753682
0.9526665429272926
0.9389966752633436
0.17139294810168226
0.4790596996695501
0.18915692094083625
0.7067621731753885
0.832171772201954
0.4524126432903619
0.5210429997597718
0.03150042605057357
0.19590829658794107
0.0050314076987073575
0.8952603872586697
0.5601202729532964
0.6688103366313701
0.5287820066347073
0.32881406442808103
0.48570840815933025
0.9423782039973537
0.2992838008037706
0.4440648024844952
0.5177978861253516
0.50738034489865
0.31040088610546956
0.03163086580609764
0.32453063504240165
0.055721819210504675
0.0810335920884735
0.6550983264940673
0.44595999468739844
0.49622662359047676
0.49725037204858924
0.051914941393771064
0.08787753811554855
0.7091841227571152
0.5606750521155606
0.41068810200119543
0.1633345770173793
0.5048211315057876
0.06043735333345135
0.8141936074654933
0.5659522957328187
0.23467798895369474
0.4485983332084569
0.31376033708730633
0.6472007450899824
0.6021657658884586
0.6831230880485516
0.39738140751652284
0.8841663575094026
0.5210417855420136
0.9766971896421724
0.9780095727875234
0.2627953188844777
0.8550633035627114
0.9119403880258888
0.7144033996971852
0.22564427813026822
0.4301998593238717
0.337714495352903
0.9227144510956093
0.14281916807646222
0.37626209246464914
0.6400969384646948
0.4462399055688894
0.3289949938812331
0.1603306886293937
0.8151701494464956
0.6410365461591593
0.29181721647552084
0.4482433199313244
0.2722217202132844
0.18455326512972225
0.45678809009366217
0.22286323459891033
0.7920722774190133
0.745191371766743
0.2196632853273447
0.699091275821286
0.8796538827805667
0.2528336411143467
0.8250044253717189
0.866266787379303
0.018619369334650138
0.09640974374757338
0.9093721151094499
0.08284894611053129
0.4122505403399248
0.13285571545641617
0.31992460018656954
0.7411600818798786
0.3822483177817576
0.4105010728069233
0.7739412192694144
0.7032649033548674
0.11044654445196533
0.12808742788427996
0.601684443360932
0.7920740672746097
0.9211873679928007
0.32655725645655564
0.9200376249982681
0.0919390834178202
0.8373642748054759
0.997282035474013
0.8139049608188664
0.8410450949584386
0.19271813365361812
0.5104801492611147
0.8757368330443045
0.7146724073051082
0.744183306665125
0.9770712804412156
0.4485413846228866
0.8553806160825034
0.56791905242706
0.9389899647474558
0.12793023479507137
0.4867062438399966
0.5986270707964993
0.17957856297484132
0.5202076503384415
0.0610177733695868
0.9755348838099787
0.04172431577711677
0.28716699736954976
0.041461169460221936
0.34613127579906766
0.9937938961623952
0.174954923516061
0.09872767300354146
0.8721003472359456
0.3490432868377499
0.05383122437924304
0.6134431497374389
0.8106968330391728
0.8864169625332373
0.8977777661416122
0.8649407441447375
0.532919108566825
0.15719587263379897
0.49538497192210207
0.29157820881473584
0.053865662903262335
0.9880384769461692
0.15237504043466976
0.23341050717124534
0.5211069520471189
0.08492868973488343
0.8385078080185293
0.01938555209063164
0.8547634452477617
0.5384613988750149
0.726267510278068
0.5126382832637824
0.9393718356783628
0.324432361703069
0.08620512761423604
0.05437996970425696
0.12403799731344156
0.09435645241076807
0.8296499076518206
0.7499607966763778
0.5938155742928228
0.81619458803854
0.263925131324399
0.9695332765441446
0.8959632173157813
0.24798893242707654
0.048159218005373816
0.5191312754928731
0.7245696211646518
0.0929685827596658
0.6528457480443527
0.37548357627645723
0.3504530403995373
0.38404519000130055
0.5025652408127181
0.9884623248822215
0.2639408018984739
0.33484782282112613
0.8036295064142862
0.46013069055638445
0.42306289810240083
0.16702281241651806
0.01586822951529454
0.08489898042834365
0.38123297531540423
0.6022160908396226
0.5946853732688757
0.4234916373242831
0.5913262951117744
0.7833090125500508
0.8447092888081872
0.06959203574422568
0.48408204689800827
0.12627236641916906
0.9472909942606013
0.9217981084795515
0.5584948239320198
0.8734356526555607
0.9525034595703658
0.8544967541758112
0.7405011646778331
0.5144482871684287
0.29676381862822976
0.9478774894002768
0.7461837314909616
0.02295446748318608
0.5876861153607151
0.6358784638556744
0.9576890575762093
0.3262459362554214
0.18390974998127785
0.8823749685300156
0.48518331456765074
0.4648108423287539
0.9034578986093378
0.16347912647071217
0.7372740246781143
0.11691903623790056
0.7921300000385674
0.24548640535657873
0.8989838436180253
0.5304232310172757
0.2328401435819153
0.8636049958411592
0.07895280741247945
0.19681753666053203
0.8421441955568758
0.48313768651484756
0.673504103743382
0.17909357032365014
0.7304782556263495
0.6644587437447352
0.5285257798578847
0.7173902737254346
0.8907088267772311
0.9324480298977541
0.9062983446266567
0.5467965553289845
0.7725299137515975
0.69526700869952
0.8892123142952506
0.7880892828190724
0.4252285578876074
0.5305344643687859
0.5900052142110495
0.9965741068261351
0.3030821509722085
0.821294296235687
0.34119395644875816
0.9112277924646861
0.7142121009985375
0.06707159433537702
0.11008618466653586
0.3526139683374172
0.5174275745498816
0.5768813441283686
0.9608707541585462
0.40230760046252667
0.03047285399321331
0.999677328075407
0.14534248520174786
0.8358575252571987
0.02873561890379095
0.49126994679235414
0.7889290448298374
0.0631750180836731
0.7569356766060369
0.5156762716659182
0.5024311324057974
0.624648239179141
0.2540844733310045
0.8893455219997894
0.4334727871409445
0.019101732468106314
0.9722561453257865
0.0017393937871351683
0.008859680944829584
0.740485683524989
0.5416546939548815
0.3370976660832007
0.1004985764964843
0.2999277744437724
0.11635027343899995
0.1584140294288775
0.6619431969298484
0.0385220396687469
0.7737095154544971
0.39254307650492903
0.48193083824610305
0.11163727578606386
0.37466492367388615
0.6585724372602748
0.8782217858432334
0.3096429586712577
0.1284950573896162
0.4454724561934901
0.600538495787418
0.04784545073975388
0.12082352660769957
0.9150493607808465
0.5048535466504153
0.8482178680417197
0.5745109126823914
0.9862102879368839
0.7785485392088656
0.9279271083589323
0.1802266894279274
0.922434878958248
0.5758437973644113
0.7819489734647427
0.8021956612569785
0.40235741566279815
0.3089608650058375
0.4358948757174942
0.2798159348725553
0.9864601195727869
0.7129946662790235
0.3713134257699684
0.2696490170594884
0.9936490470594715
0.34684365298545083
0.8011730069001584
0.2865944565346018
0.0872766717557949
0.31491547294187916
0.9297396905786008
0.15421656628429825
0.6218610949252555
0.1313556441886936
0.684409020155435
0.16729656514840274
0.2784852544355485
0.5247768018307928
0.16045111727789263
0.6763818039047761
0.39254546275978985
0.19491886706272288
0.359202687787852
0.8844750951521847
0.097128796493686
0.9999753209804514
0.8568981853368813
0.11030356501853256
0.6526043071158213
0.5702115863193074
0.2513591465288748
0.5066415675622203
0.8091582971540221
0.09760006724043757
0.8118569562992711
0.1116419868746037
0.7487856120650586
0.681684945608085
0.7379881002662203
0.6825840495121029
0.3603123255745386
0.24678397354497528
0.6898529063126129
0.6514413671646282
0.19336196774031955
0.668052866089229
0.6537413370647601
0.8191240156438037
0.5788602776873076
0.696781092376883
0.9835314367261545
0.7733306876303608
0.6740949926162808
0.07079188775688372
0.9231847976541055
0.9468368603429136
0.06086823417029674
0.877356002652132
0.6696580806342506
0.6140089663548184
0.07428168703450355
0.8650353317283244
0.9343753693564646
0.9350013045884868
0.6218171690361275
0.4420769730700824
0.4118166917827166
0.6248791496645517
0.06250526943512313
0.7347641842173587
0.7717074380211021
0.15315943329917647
0.6685499530114821
0.7951512163967375
0.7185198946368431
0.6089451570768768
0.3939444367909982
0.2981327594357357
0.2530660772163511
0.14223571877607544
0.7598475486130362
0.7533230410004179
0.9643214291681189
0.9857865650944618
0.27017255376797755
0.8617652319349728
0.03529319389841634
0.3906773546539457
0.012882387475196322
0.7952627275794989
0.3078088491541485
0.42506197640090193
0.8349620407715992
0.7576367198645184
0.002327255719860366
0.16187996569434215
0.5449794196248829
0.637651602640452
0.8249347121603223
0.12006562588601732
0.4193305397465694
0.39913524210162443
0.31793029471411516
0.028443771191293488
0.2007059495582577
0.737046491144124
0.8161178165287395
0.6268961264997017
0.02748843174266158
0.23207475860931637
0.8944581042633281
0.7761867749210131
0.21164240644640298
0.12301719314008153
0.5106246496236657
0.7097665156407102
0.9540395441889985
0.2359915050421636
0.8128749924337966
0.005715550305238515
0.9684594465360785
0.4065658513432163
0.8262992772992312
0.24095943107217854
0.30869299475928513
0.3700097062849471
0.7363933417691738
0.8668938805599565
0.8014036317849501
0.1817352812524714
0.4604981559787803
0.5328742176168556
0.6890805166418159
0.19015501327140882
0.331994593389092
0.29448095548588527
0.9788295766020136
0.3968595894761826
0.9159546570214423
0.8733143689716277
0.1678639789840728
0.23196590165950526
0.22886956088264077
0.03203461840292965
0.42095203909599666
0.026521605863190745
0.2921054626437224
0.6384835928111453
0.8140025494703718
0.4860306914954182
0.29092715304712213
0.4392774880708733
0.49278283632332165
0.1358681984647373
0.6265558669782989
0.6148613951514101
0.9469376760154622
0.28700313115947074
0.6438166814344006
0.8869053778683911
0.5976073648000355
0.9977862889093898
0.3878124142426216
0.38748743667107577
0.9072883889664914
0.3074439106857263
0.3103478418806558
0.5801749108486056
0.9435077645319361
0.4572808521932915
0.3474185605732939
0.5808837111005197
0.47513797352795717
0.6847573502512132
0.22730654594758615
0.9770929465545486
0.8744292683006434
0.8164230240992522
0.8772843348023753
0.49848410068669236
0.3164814260099138
0.980371794012551
0.13867468516381742
0.9391948940598627
0.724316653489857
0.986060686279571
0.4125651671575079
0.7952323473172772
0.14728597354018858
0.30123459763186133
0.9502636865261659
0.9292603854313904
0.8545457975660369
0.5345961012094095
0.7131609396549113
0.5752827418085386
0.7095265296467037
0.6975535256955129
0.01845482977426316
0.29211003216331466
0.3615024939582093
0.2228020500636808
0.7229488824337301
0.1386135904674164
0.6953668814361644
0.8859138988385794
0.6963090418233804
0.018341158925853307
0.828070601024758
0.34575681857408924
0.029354335358998007
0.44064153870362477
0.4126805197729667
0.8944231141021904
0.5518592338542867
0.973333341231966
0.499134276496804
0.40508307226311824
0.6182652222022085
0.3879264655847918
0.815800128194044
0.26290105420315946
0.990455090034346
0.4164633902135061
0.43989786469703807
0.28789964111386357
0.6202387535172298
0.8720588673433247
0.9101553014060224
0.27320667339601623
0.1452808331347819
0.36822446571122025
0.7388096714312642
0.44715179794618354
0.30686773802206024
0.8068327679842893
0.8315088047010459
0.030416567387838267
0.5499091120726892
0.26112078763889124
0.1660360172654367
0.9186391453972652
0.3068571164488114
0.020032557931770056
0.8251800344454634
0.6818759930393415
0.866745792744184
0.47533280767401076
0.7814479267472677
0.5013914865549872
0.9967176651793459
0.964342893047058
0.4131433845647926
0.9530440934631664
0.0025629467243758475
0.7690668865053324
0.40478290223905933
0.6692639043003
0.7343999511313075
0.5188662925574083
0.10055036268952855
0.26797097437373263
0.2952737430620178
0.1351368848573129
0.8767722129616159
0.1449329311097397
0.0637483299138103
0.5791435155694605
0.4041544102728982
0.34597863647074967
0.9988101015584393
0.7989289252973882
0.5718861145689763
0.4232474191081762
0.7718024694665279
0.7651359615541985
0.5127006636528794
0.36753723151278017
0.22260300910577246
0.5831572330105568
0.6375318753528727
0.7063706385077078
0.5356589632439652
0.580971340764395
0.09881358320955902
0.9242903227268197
0.7225855331161055
0.12647404275657703
0.15428226768979836
0.13171005305545624
0.3490122446585556
0.992492026209146
0.6745706095857178
0.4186225180249268
0.8228004156660476
0.7780384802223917
0.20738604679591088
0.49091358885545266
0.7810850579507754
0.8948075495291892
0.8904774277833384
0.7965225894932616
0.06815443301706303
0.36717287598401904
0.4193314194128125
0.134256471491088
0.5295229890914211
0.5840816959708315
0.9267409175497713
0.002292697413273981
0.24513633082627806
0.5192444457620203
0.5195248071316283
0.663415797307975
0.23315147218955845
0.4386457230382991
0.45759512814455616
0.13383006057026858
0.6354571560771739
0.5481989440787031
0.9256766206458407
0.3934806874915986
0.8441777606657703
0.8470370810470271
0.9245504058108512
0.7393201164950698
0.7687211163288861
0.10694931836095656
0.3040061993923334
0.8077216111340992
0.21402050483816992
0.8782279128289993
0.3495427029587338
0.7106427383938225
0.48542344143343674
0.1351358572414989
0.3257134050254239
0.3149916176467563
0.24674217401833787
0.8425022329626961
0.3655592976226023
0.4287012639932303
0.06949905642649035
0.4412792572898835
0.6140820283858643
0.8027479441898875
0.4460323305642685
0.10586989317961937
0.7932682288192809
0.40652316442842706
0.387778541906323
0.1874784997641601
0.21244343894817552
0.367464131710188
0.2250522474880361
0.21285098345988385
0.8886882008110534
0.17671186805515282
0.35152811248992233
0.3875110297415555
0.9503772894844555
0.2831224063338085
0.8538705478417374
0.9929801882438319
0.6911152744540435
0.00884026213174538
0.8321723079336703
0.38088009685711155
0.5784036825253683
0.6727060528976989
0.21882355695062272
0.5673621928866563
0.7640334133085643
0.5160368483872863
0.08794273649927808
0.0358284337348842
0.3957310781025659
0.3539552401696815
0.33830490974725425
0.07888323895012173
0.42255456922165147
0.995342008669905
0.6251048820280675
0.36228011164006957
0.162507443546146
0.014991083657271975
0.6953145312508496
0.20792836518993063
0.6670518507656436
0.9518234386047066
0.8727101489550257
0.43524068671900185
0.16488843097770745
0.5618691999016966
0.20075305662709075
0.31927137554678653
0.8721141197511083
0.4007809588287422
0.6965844348651711
0.43289316639921027
0.8995141460429585
0.9591689575785013
0.2696788694179951
0.9392273113416222
0.6671666999411447
0.6677880382371435
0.6025069943980396
0.7211188800844459
0.9543209489279818
0.947265471962193
0.746795867356811
0.10209003916828796
0.5438501140692609
0.499231025014344
0.4565563703961364
0.8006837093251649
0.055391759821266984
0.5431455479256826
0.3775026611489182
0.27694773913309556
0.636784728280637
0.12937933720200057
0.24624845454458721
0.6499866158883019
0.4948098731482541
0.5228061051677513
0.9985289775447076
0.31849338762339185
0.33986597464509094
0.1576940810380515
0.26710932284462086
