0.8985009107975062
0.6261658690947707
0.556588742167316
0.8096441445951192
0.13843280818231396
0.19166748911327136
0.23982030152473233
0.4413146917012395
0.7285939288443088
0.050617292036712835
0.6231908979988283
0.5000966106575135
0.6976817651687777
0.9390128384742438
0.9246795341688312
0.7014658864424852
0.5586487932206676
0.007847907375880703
0.4587156704038601
0.5351357287423472
0.752472218074146
0.5986582141320714
0.7174482851651047
0.20605944390219022
0.906573553505715
0.22838836035463328
0.2707298127731915
0.8731959147625576
0.6801710192947887
0.5679607840571271
0.14236892815042923
0.669426381554171
0.6323305843443133
0.02598545470193958
0.3010654948677025
0.9310441572535035
0.9321788251317025
0.2786566542245581
0.7767740068911885
0.3353747427123016
0.7717291128290641
0.8639542162876523
0.933392945816973
0.9981274975581163
0.7350660858042116
0.7795369467797626
0.41309121475267185
0.7732750122409389
0.400318364504208
0.7351084370235721
0.4467150230228627
0.4426930232718337
0.8218633743907782
0.5076922089250128
0.8936641641615679
0.08859251317453609
0.28293924385286817
0.9924850923397516
0.11596879533259663
0.8312119482970157
0.03293356065619146
0.06038538953654504
0.6469943308253779
0.944436588515572
0.9210757640626616
0.8053819671952274
0.854985623113421
0.2164999002009924
0.6464736142709486
0.20086017154999714
0.26494134237860334
0.5369550871079757
0.37257966206282955
0.6956062267690621
0.041573978896006
0.14489484529855445
0.06198805020989484
0.542752977058499
0.9774264331104714
0.4106593507771692
0.6006152918495743
0.08916233166587251
0.2522710461763613
0.4357358194521085
0.1674920310270933
0.5759897380772222
0.3526557604381404
0.3409499311259667
0.19180828101386493
0.4067514318650247
0.6455336144746122
0.26312795674807854
0.8415934179671072
0.31333671992207923
0.9298620920619322
0.10936784997718296
0.6198486470062423
0.15382319003522893
0.4984102973678698
0.682301091522331
0.6530893163977062
0.03036083598075301
0.9388130249074413
0.05389839453226675
0.18958670345510265
0.15052889320574903
0.873042645785374
0.33419375488729297
0.6275754565929762
0.6714055088374868
0.27927282431185096
0.2885429662424235
0.5923345705582892
0.7610230264289515
0.5797850070679458
0.517141878711854
0.8268906963157712
0.3980213010660979
0.08714776048208506
0.4765955340950869
0.11594270822323471
0.7925544523964657
0.028091777153271158
0.496051179355006
0.022583320125802997
0.04960746725612453
0.938828872482431
0.09395869787802924
0.7476604113054438
0.4186622563814615
0.4270129310827159
0.9761979179740752
0.7107687697966205
0.10151665763807993
0.950779101918783
0.26826578462775397
0.6938478426724456
0.5425603197058818
0.41686922320108755
0.42906431125527367
0.5339819869823769
0.9473334812818045
0.021230972153557737
0.9825388565560159
0.808956401547664
0.8416752545616718
0.4540466467008434
0.6295926502414604
0.3585830702708712
0.875448073375912
0.5951062185194351
0.018404387956549417
0.6877921852772796
0.9339845720739461
0.8685147448005973
0.26852571712046946
0.0834063470594183
0.7039774162177433
0.19046253665678747
0.5755510622181179
0.8891010242455785
0.017551696752474366
0.7671956053632287
0.46376939136606576
0.8983024443764108
0.9351099924803236
0.5747514228230372
0.011057144805466268
0.8832441051600878
0.09007555536449019
0.24217246654663527
0.5452957684287233
0.5173143772880346
0.07059604091761329
0.4928879810121948
0.14664168133820632
0.10944191262422065
0.7133534914318614
0.21788300498847368
0.8674476143390871
0.3099054168768537
0.5626114074255941
0.9064781416782074
0.8585994258862497
0.926108640165978
0.4786023069367681
0.6475831089610028
0.19519244486727916
0.9231135426095296
0.6096502073203306
0.9170544505490301
0.13500265208716156
0.99396133095782
0.2421838962632179
0.3298269106575048
0.832223188149049
0.39794061168466033
0.1131431953510722
0.9395104488331392
0.9672098842228403
0.5970635704794256
0.24116097946033632
0.056448259383251376
0.09053406936395347
0.9057242288984524
0.6859346705346554
0.5202096587522128
0.3497415367791664
0.8610582573432753
0.22035825226011474
0.2120817940524069
0.25071363505189703
0.9888839946811627
0.19009146842862457
0.6920342371221999
0.715090402185298
0.2173195646362286
0.22937968066255554
0.28923068657484885
0.4486778381485136
0.551526951694061
0.5272004025382817
0.7402599529713291
0.07905350012150769
0.6673158150696769
0.34279309060016594
0.526039217890602
0.16568953878295933
0.7673053662869787
0.5410414198262188
0.20232682083430087
0.6632760651058447
0.9406524442050183
0.6300670701760684
0.2280147579932369
0.4330971234132447
0.8911107244636984
0.32925537916398795
0.9734903181899951
0.8302040259829016
0.04774811057027206
0.5791125905165453
0.7348388799435295
0.3470651713479095
0.3716220315435933
0.32246439377972047
0.2524093975814907
0.950371093451034
0.6633939150524588
0.8648683200734761
0.8912253281711496
0.7982096083936239
0.35851027845100114
0.5242092290569452
0.6394625846760409
0.8703799226447041
0.9804907724482856
0.9805985990768593
0.32358629267955485
0.02799835264970918
0.01764142119759926
0.11027971989323138
0.8212450421886425
0.16000841426973966
0.09842299800953958
0.6250285576259037
0.11697520997346245
0.7196635767305829
0.5830422089791737
0.4037304772369017
0.6740416311599091
0.39293427603422826
0.09748832960809706
0.10003230494848514
0.8515555574533586
0.7044324183581042
0.05789141332410286
0.49188957634813335
0.47225652039263055
0.6935658958770222
0.8648489601608074
0.337824792080317
0.8045564510367654
0.31580265754684844
0.3495605239598064
0.07273743108301944
0.8668707028134301
0.5152836505877457
0.7676189865213507
0.9850275924533318
0.4006713161649256
0.6780073179774844
0.5856975349868753
0.5953663521299092
0.352075229706299
0.6395437895767803
0.5058179473481706
0.007756630389591734
0.3544563813128063
0.7660805870340102
0.32814460293301473
0.45194888014290757
0.13892243851674146
0.25078608504799926
0.304833167961685
0.5429030925541358
0.5285984813881442
0.170420483356007
0.03961062814513028
0.9856742637815126
0.3805529091712483
0.14079316362760264
0.9267186369799284
0.6507215948603926
0.4633376513884414
0.5607245012594516
0.22535126776420578
0.7081495173762402
0.1515209882659838
0.6419869685081836
0.0939855635418746
0.8951425268748113
0.8933461798307092
0.08077334705827222
0.13216134916797184
0.7900132927775663
0.9508743873522237
0.3668175742562777
0.06633620274546315
0.3824236421406797
0.28046639726567113
0.3908769020414463
0.8602635140078109
0.09860229835974277
0.5352795368840371
0.839688562888113
0.344220933124024
0.5888617093683018
0.629058576790155
0.06453506207540338
0.6025675112211997
0.47555815254265854
0.8135971503838845
0.9054443046812979
0.6619464156250577
0.7924031771530318
0.9479818491856398
0.3286747208299504
0.10299869617156321
0.424562778557634
0.3444929102777343
0.10104466223205788
0.258100163654018
0.8008698182663433
0.6857141028429008
0.6431345862687603
0.14208131125664925
0.9066300305369884
0.6625591889787757
0.7636593965509103
0.46803708484070083
0.04291519705536451
0.7566211365983689
0.8687455432098611
0.6947149031671669
0.4193342683033493
0.7881156383614148
0.02486527880366174
0.5485199430501254
0.0030542404621040076
0.6988611871882823
0.5175417005091688
0.9042658895590794
0.03569175575698125
0.010400825486400422
0.5033718003591772
0.4923486198902176
0.9827006153926224
5.378522471518599E-4
0.38740684245883883
0.25614137561377337
0.42304648482845697
0.30323183046559066
0.18233337278816852
0.26718746806666394
0.2730727262874013
0.5334648014591387
0.3882850211207257
0.3886635033917446
0.79433628104452
0.19328971954809882
0.22649288503586074
0.08840598171787206
0.4364165101580132
0.2065950174659439
0.43481975979302734
0.9089320158486481
0.9004451335342644
0.6839350474844302
0.5317451289705506
0.679263793227255
0.855286763245856
0.9330263963785761
0.9268241426259355
0.6926300911706482
0.12372771200055221
0.07056430093517929
0.20300040223963034
0.3460844805636385
0.4105384192371506
0.6165050311526873
0.17767183892869698
0.23957815062669896
0.2823074579142999
0.9121978897083843
0.19720676499457857
0.4868536996382057
0.4932333149609305
0.09207004012811115
0.5449988882382066
0.3804643429483643
0.9681986271996597
0.6954916425852821
0.6489549891091552
0.06164945174897962
0.667703527744578
0.14110821096365855
0.2119539920212672
0.0899966568592786
0.8585718449040187
0.1726355274923539
0.72737859735784
0.1987987409229668
0.44486458835406895
0.5839223976673764
0.7352150534038856
0.24179783295295199
0.2507664775930146
0.8502220604866806
0.05434758368593062
0.06406674301594006
0.6425593569505422
0.6119488437732749
0.8750121530932317
0.18347981862034035
0.38326957126346006
0.3714323012553391
0.2787078328424003
0.28882049145707067
0.3306485132260688
0.9333827614584475
0.9401425373675731
0.47094339847869116
0.14912454564145594
0.12905964387364266
0.599803948738209
0.9734745010315451
0.7284689214349752
0.4297145720424326
0.789151688612463
0.009409382891440443
0.5248845360165543
0.5441687038210798
0.5499934107686772
0.978349633804457
0.45417817501827007
0.059755633282927545
0.1193233414030953
0.3198602288947172
0.20452189817345123
0.3211142022383161
0.4433562269438076
0.6636967693075279
0.6216437432281513
0.22832327476393677
0.9532115124057542
0.9498922003370857
0.37214462618526145
0.487337694364654
0.3919873586328644
0.3753634402362207
0.3199976480315092
0.9339704714927437
0.45238239942935476
0.9426621401793698
0.6544152817849744
0.09514647234941986
0.5183939814294973
0.5357510345801659
0.9633648175710965
0.26770525808044754
0.43368209101673794
0.683208604102098
0.38957431189608316
0.6037867500617867
0.46230294879346145
0.5232867643104315
0.7703710718559797
0.025031993807704045
0.7902683897317411
0.6904428294575221
0.6141048006511385
0.521798740773952
0.5203806878436726
0.975920105076614
0.6546636445108213
0.09066054939651125
0.2734025393113635
0.8496811049144122
0.6682826744173785
0.23181619410400023
0.9948086855184851
0.6168567683126056
0.5550580524947925
0.5660451940841142
0.8025474849880267
0.46484330314350986
0.32573944051372083
0.575504271830411
0.5843281064176319
0.4435144059623538
0.6587259388125797
0.895340100749455
0.03346414823000232
0.6937566314987906
0.28733259665794586
0.2612062233859189
0.17623828922228946
0.7162908194471367
0.09908495218886226
0.9148315234825772
0.9778361329188217
0.3762590566691286
0.9296319272352188
0.039962413761987614
0.12240142581756375
0.053780072676773205
0.5885921127977097
0.7455133492416115
0.6543175245662772
0.5789633207699668
0.5563476335269463
0.019008327622246912
0.9402935336793197
0.2579584768814902
0.5588869152535106
0.7180400453829203
0.8199607247248804
0.5782920372329848
0.10618809595464251
0.21367481364724006
8.402610400750632E-4
0.036250706831467805
0.16998277353748836
0.26994940359450104
0.44206656555607937
0.44897678999608237
0.003912287839279327
0.16138888862091205
0.19715866172056462
0.25320016728267547
0.41792808199208165
0.8638182535978831
0.01623624483879549
0.5776246336839932
0.7021206474334719
0.3693771706380383
0.011071592880721015
0.5087438271554235
0.08040398504489354
0.565816728270103
0.23377656743528252
0.08550599535386183
0.9409283225541077
0.643474918561937
0.2116080347109336
0.8508781330293456
0.23129214755438887
0.5489759999249194
0.25676529207791576
0.20072799030063182
0.23823897173619923
0.17240152392601493
0.8152803194489975
0.8576598646428444
0.7838244570960085
0.9209852945200051
0.215172051888726
0.553542259659135
0.5812702044055874
0.7466864570560294
0.7239279608986784
0.0025525291058176025
0.5722943526735484
0.2039721826283447
0.3344338079279685
0.8305412101632769
0.531986833637005
0.7046989720318716
0.1361267689263771
0.5288873022068791
0.5240605627479841
0.320110958375299
0.6871871112669119
0.7776007725521489
0.310106159819453
0.22797261157605297
0.45165005871391994
0.13535402137643826
0.2132323468664452
0.5945597081761131
0.47718528019713113
0.5811762930220571
0.7039754705840735
0.8393562801021635
0.38380758528737724
0.6814724917373992
0.3647661423628953
0.2104597243292926
0.5178215709249838
0.4306749526569511
0.40212132158133096
0.04123202508357626
0.026867048046969266
0.9625794699867113
0.42497312685904565
0.3130675568809075
0.3681300926517903
0.3132985442473203
0.0400312776623698
0.8843067059555081
0.7411702101910681
0.5823080459053879
0.5953007362376702
0.9393676283701278
0.062197317820670395
0.3082904087375976
0.013677997126587127
0.4072617034555883
0.6736872078985506
0.3843097775659715
0.6022583648443991
0.9489252753562506
0.4051134644511082
0.8380985572185263
0.2795994776251348
0.0732765563456722
0.7454803578959917
0.9558668736191561
0.14383253926280748
0.348897846946862
0.19028484435479198
0.1509839527965151
0.1707640924622389
0.34056424517088213
0.8477110945775246
0.9064561504634525
0.07486854985412861
0.6680829886218468
0.4801322013926207
0.33454128473796607
0.548571136231533
0.35701803799342724
0.9731643648648838
0.8443504378986387
0.15743746807091774
0.7399605355937076
0.6394511265403036
0.28640653294006635
0.12757747126977614
0.9322164560800106
0.029636649310205265
0.8736747246009189
0.5421357982777524
0.7616554524639992
0.49457643275360796
0.014431924228156867
0.7546720859467001
0.5434903578307196
0.6716845850391648
0.15357524881873974
0.8905907753803781
0.9495902621005756
0.9938495721825176
0.3177422829617005
0.015049579118867729
0.8555642395641558
0.6851658694325591
0.07565110931439623
0.07131382092233007
0.5586416059701724
0.5963185960649688
0.2213184467670526
0.9714579626822943
0.9687574425422005
0.6619872454120763
0.3892757578968512
0.46456052045605734
0.9701615629565561
0.2405346072724467
0.22621553233332548
0.70954194323163
0.4559409365293704
0.684435767196856
0.48342969567353056
0.14375527248708242
0.4826307323902267
0.8606228883459296
0.7798108228906906
0.5215432954546368
0.5046932386001874
0.3820533454784514
0.9545599730768047
0.932668789563671
0.9402911775407086
0.5039521364701625
0.5209743475191537
0.12120416775127063
0.37139889430655115
0.35835795987759966
0.3090976466177683
0.5920008814388567
0.4904738295192367
0.6134037212744078
0.47876991310112604
0.9324237109689639
0.77888390444478
0.3430230650575503
0.007988327534451778
0.5594690441864416
0.7615146291137462
0.06925570600110498
0.7867266086674969
0.8873501997454126
0.9160852225720201
0.8809277815998644
0.20110926625943804
0.15685578277022882
0.6440435175474182
0.47549860701565827
0.3782543145991979
0.8163443673620474
0.7160073125294832
0.19771976393200774
0.687014422311608
0.6764027387658845
0.00800250999674701
0.7497916466899283
0.8848971654766875
0.07128439769564854
0.2000403686215435
0.37983745510007205
0.6428080042347604
0.5127604182409088
0.4045661476410004
0.1555767476872696
0.16690452150970647
0.699993979226925
0.9985654461482587
0.5515866138485883
0.734348094189941
0.2693987055962719
0.9344351130677178
0.3426318453933178
0.6342539193933552
0.9860253305213341
0.8400101113952688
0.4839516930546536
0.5967087113517751
0.5659987587423219
0.9700228271831389
0.3593266900244969
0.22893721837907977
0.1427460590567614
0.34502726173887244
0.7859747738406806
0.0817489813281026
0.45745439371789975
0.3166810928378858
0.3694810549340394
0.6182789290093166
0.4084270803921445
0.19365009406267408
0.2512108273078608
0.9400757041895679
0.17746615665383125
0.7035669481450796
0.46648153616462285
0.1897709737075698
0.41455864796746134
0.040702035370487555
0.6837817432996227
0.46370015246328034
0.8895879304627069
0.550745752025758
0.2801844769677442
0.7807971859649365
0.22790180341146704
0.16140167317276044
0.8576545385489878
0.22563546660582556
0.003957272440931026
0.9796757243873713
0.052501167905302126
0.42126267260119443
0.7102084921184013
0.981270767240465
0.036675710022792685
0.06470412919929935
0.09627442199045666
0.24979400138316532
0.6036195957049745
0.1949535727984476
0.040093638867487846
0.44365530465604464
0.4469916137598896
0.29783410580099945
0.5663038665124108
0.20011270975497886
0.33533510572655145
0.7606676119394757
0.2243591921333431
0.5431380760497232
0.042022835078641796
0.5216278242959292
0.6334519066283425
0.023357476867383653
0.5892967000980867
0.37941395418540413
0.9657188033368878
0.38991208547458456
0.04741161131539273
0.7938971449069764
0.16795362868651043
0.6999095281179961
0.1934685473069071
0.3779176692925663
0.2925789610153271
0.9848943589782608
0.7666462854164753
0.586833179515402
0.24582433989596497
0.8620121810737075
0.0462105477048681
0.6752841192509249
0.5455533135757686
0.45868637345642993
0.4600906168977621
0.031752018129597825
0.5558505217421168
0.7036782365980109
0.8286930421626277
0.5445708283051316
0.5124265656554848
0.9278764296622599
0.21436034513285884
0.4544858185045155
0.4958489570003868
0.12937174459850065
0.050110754976569916
0.5923188745105049
0.9068982186759391
0.1901224294094711
0.7276263668046744
0.940524464063565
0.4779374250525915
0.6910148614623047
0.03255679334881234
0.48518184780207074
0.9245389049486707
0.5581024337320064
0.18137387568982866
0.4314203873457556
0.022159088338533084
0.26433042545497676
0.7112817120089439
0.18115249808153122
0.7749829309989348
0.7903179555120552
0.8686132476299938
0.7781600819275002
0.14952466900725703
0.28309562336549865
0.8014225759069145
0.7118721405404269
0.5526460503821018
0.7553513896460984
0.8779615740283108
0.6693853588588516
0.7395210500666209
0.10307487919507075
0.838509990135502
0.03552870734744773
0.5947064097402033
0.9316831558344018
0.8223197766415722
0.5418132389734038
0.07275357258877968
0.05369647895865004
0.27462912937308137
0.3731671760062901
0.6672461422321938
0.20578481016268346
0.601015300724361
0.5004304921405266
0.21748843967362075
0.04999462623913875
0.4732943794483332
0.6548992353225875
0.29724449400510866
0.4507476054873083
0.4640622759476677
0.41203964158481254
0.10252118977005942
0.3894449664242553
0.3779290978682107
0.3044431059509759
0.6236968248264498
0.33153430413422946
0.44307693765864664
0.4056100201745364
0.06822898626301133
0.41480096509950837
0.3431607947681016
0.49073086507662733
0.5922002027255561
0.09849425636501397
0.02353493690449171
0.7871449583989766
0.3893534424931371
0.660876331646551
0.05422064819273986
0.6783639096142732
0.7154330318653058
0.8676419501463284
0.4852518443500873
0.6649521740064833
0.15271968250008516
0.046408184338562974
0.3192916682786616
0.19806932687939127
0.5597294216920854
0.8661598174924676
0.8430950723420968
0.25715619466053596
0.9384944252923931
0.3271792697767234
0.7454911073567129
0.2648543405351502
0.099269333567654
0.0819646035013587
0.7165114619930809
0.9590195339935503
0.963048091281188
0.6419604296048544
0.17436781774210364
0.3640085528597372
0.8077770473978921
0.12637800445025205
0.7500394722689794
0.23014703248347035
0.10714541598887972
0.33923787967324304
0.794092474669088
0.23833466088265431
0.1470849481247246
0.8047048636337614
0.48117341598681196
0.08875116172525666
0.3226857060214038
0.2092166932462306
0.9870547854525612
0.20422398329035463
0.32551006623438394
0.9509245154486212
0.45891378243954484
0.7946448084005927
0.9194166511049294
0.07667197311456253
0.8801826122048556
0.27066234225506236
0.8312660939906305
0.5076818732161223
0.3997870608147851
0.9689158313729769
0.4987323654010539
0.6012029340577956
0.8654370023667295
0.584667677365878
0.45208353305908533
0.35146363711196515
0.7043353701569862
0.23586375728547748
0.943467160659916
0.40398900638541935
0.904483191013405
0.36348680058696436
0.319881655548638
0.28600114874206206
0.4797340316955201
0.5330118970201518
0.37040417227915134
0.7930104983205801
0.7830643846263468
0.9515003287297731
0.032948171217346056
0.937873237221978
0.025455269334436426
0.25095965864893965
0.021619410165495512
0.7043803548386235
0.05100202518872199
0.5387877092937708
0.7856385099652079
0.9082743728561232
0.655430560858861
0.04789710333074404
0.374014000363982
0.9729533646147629
0.4932315994538182
0.3574787474495811
0.044619934967618846
0.7543381360582574
0.9680917307180257
0.004393586540692995
0.9632059042774908
0.7893143295528423
0.8834120220339021
0.48478145872859735
0.32480241844196345
0.9716163620390923
0.18572919599191984
0.3139238329251045
0.7083058652103721
0.33648309562659706
0.5152653999953103
0.8488292730646664
0.6935307803635752
0.5725551605189725
0.7572595578582882
0.7960121142471751
0.9405752138863783
0.045752604017393894
0.04130559566055603
0.6837701902798446
0.17417187090304143
0.6369090642012729
0.7572036609171551
0.04076902427129536
0.7585814845135955
0.7140977594607945
0.06398313082656171
0.41846115873708445
0.7313422184814028
0.6430741174192989
0.7325730020168698
0.503629902955216
0.536883194785601
0.6874404752582575
0.6561380898292215
0.9026731704204818
0.9594481684090678
0.8121387306523697
0.028930525248442862
0.9618500010141022
0.023081414766326636
0.2137063756916
0.13324592380312017
0.33496189901776285
0.6700842198950425
0.17630114096143945
0.2051168408210633
0.1944618527814267
0.8516204072352432
0.15066836831748587
0.21932025199367744
0.6093068788045272
0.5689524548526759
0.5968622860282908
0.5527591008490711
0.4845488943656163
0.3597429460620162
0.21376317735807027
0.9074155850826017
0.16536837848759145
0.43791452185741153
0.1885518699887504
0.6126157403705708
0.44299138836887775
0.06899156386499916
0.4789597570081803
0.564545875806184
0.7984659375780172
0.08038598944332176
0.7396504493022886
0.6718841678671864
0.43306855176794723
0.7860470880130428
0.18332376770166325
0.18717429261552931
0.6559762211967931
0.36679532275736126
0.9153856315977166
0.8594552860919376
0.41695484416480866
0.2013434581376503
0.5303749257207755
0.5612850096180271
0.06793079289327486
0.6407590041717168
0.12003696065439495
0.25851270788999836
0.43086870070962047
0.3227615986509713
0.23840695557355052
0.956588716637704
0.22980222632186265
0.34844650544595657
0.502147926452532
0.0811518271268723
0.6362396278600077
0.3253000094940932
0.15108672410405788
0.6088231897620041
0.378635585617244
0.8477674876609741
0.840277604377601
0.41400924309110043
0.45935750167011213
0.8032851770430065
0.3089083819489782
0.6301656502284775
0.9974441724603307
0.7298811763819036
0.4081081401957012
0.8640621343438979
0.7622759489369832
0.5236117575442154
0.5293862500314687
0.0026679913568555813
0.961179029059368
0.1377222812731087
0.1193201067330103
0.4489204000841338
0.4038691214620149
0.6754766431239368
0.1638462066526648
0.7233733038152126
0.9414441899280653
0.4838226996518755
0.5609940537365726
0.2289473477356726
0.8004402458043246
0.9892265529023503
0.6253680105026396
0.34544745071650196
0.045942826017570604
0.6655936498822713
0.23834665316586323
0.6589542925117707
0.7512085347790141
0.9198089105379598
0.31642295552102595
0.5653008840058246
0.7277358825780839
0.5215350170220052
0.8744812504921937
0.20015802979231112
0.5656631495723407
0.20342574973968486
0.5154884356823105
0.6228008446549196
0.7832709941986442
0.183234810320008
0.5584033685864982
0.743870551098735
0.3686900269638279
0.24605829308015215
0.5682674463485877
0.025126495929719495
0.9002900192745873
0.6021956339508501
0.08291076209156312
0.3704996861999438
0.12670927556937317
0.41212752934348695
0.3666670721598365
0.8881093133482576
0.8833423218869861
0.4087918231745826
0.450207474684463
0.34897153005806025
0.17493902316335208
0.07172649258611596
0.5913155312715854
0.21944569567564176
0.17437331788921728
0.25826267480052
0.5366022198763194
0.39605267097692964
0.1394277376681633
0.8604552870731297
0.1288270532727499
0.5734071455234783
0.6958111863199208
0.9396532805314891
0.8026490389338452
0.9152191961605398
0.3808573425723918
0.7699225946999937
0.7934033496119
0.04069207927631702
0.3978352880571828
0.8049953697412005
0.6912330512087711
0.9493557578571001
0.029532687106058053
0.8239394656418917
0.608347815271142
0.4025066001311942
0.279961523405164
0.3341680596423696
0.0942621421100075
0.5444739453911913
0.18462658903629492
0.24240289299894002
0.29249003807582896
0.5383256450482723
0.48632501789293847
0.026935229478291633
0.8961708772731867
0.6331525030902366
0.5634863198750252
0.5433645192670602
0.40697217886464976
0.5819697200602298
0.4009396473241974
0.49222301806038116
0.7233857446423282
0.8852908146839858
0.1247601851236767
0.23894537825103512
0.5136446976370467
0.5911512490396382
0.9106445191906272
0.9809549597280025
0.667597600086047
0.1467474619494219
0.498868915224559
0.7990573267794704
0.6701489083855043
0.9957535310617942
0.22129900308670591
0.5922331506027412
0.6435621747574265
0.8189307344217642
0.8803115015261542
0.2993408724662089
0.21747102855457956
0.8479255047493292
0.6831760977480992
0.971512777949921
0.2149375538717676
0.5055012845685467
0.47600764860271905
0.9100693210974918
0.42263354936294995
0.7835425579070663
0.9467337901966284
0.02618061867651933
0.054132610976709405
0.6387162440825367
0.09969493336604718
0.30913718263899104
0.853986005056932
0.44343049353209407
0.7809054571614741
0.3716597142519594
0.5163720044732673
0.6145383397866526
0.9295769399261847
0.0798467803345434
0.9621677902247475
0.3702023475749443
0.1794060415869908
0.4317990796435325
0.15053956927939494
0.19211856804449867
0.7700453635124556
0.325615719668238
0.2646829570104393
0.5194166101536487
0.013674876334374364
0.9575181029457973
0.818823197402051
0.3240167812427064
0.7604051356401575
0.6303298059364144
0.8720057166541517
0.26130652836866874
0.5802347161716697
0.9500571380873358
0.6088365362309686
0.3035900080553604
0.49997268854537646
0.04567150797578601
0.14156640576786628
0.6336614304977626
0.104278493001145
0.827359031440864
0.3084721248599681
0.9058619255748548
0.04322906864884035
0.9542845933820877
0.48139416516637756
0.9570807839798263
0.4235582062843417
0.08460143321836655
0.46189823870143765
0.5039499594474349
0.5438074095345836
0.8476996370092362
0.08859208447327815
0.4695840281152418
0.4048690524587413
0.6702327592441969
0.630479823028125
0.4421992442604752
0.2056747109697239
0.4240947608790675
0.09614577732199969
0.9022803214937848
0.4275531149095626
0.6878099121941886
0.4550256473495745
0.43542188554606476
0.5117249554798251
0.24109570718861173
0.2075713147701833
0.28585636445483253
0.07951362956878305
0.31728813753682306
0.41254914620787053
0.4312786571735089
0.2783706977543601
0.23022723574956716
0.7502011658736568
0.14947501851092349
0.9069079435209734
0.29186368581543864
0.7823661865758964
0.3544969649231282
0.039980883410086876
0.18756528355627178
0.9764608448201648
0.42181214962969915
0.2615253004400061
0.7891604019625668
0.825698902568333
0.886900776116631
0.9167551142448372
0.20433405263697346
0.7719589379951494
0.389629253080508
0.902931958493506
0.40458667290198647
0.12358227138348377
0.4641905958747632
0.37302099005820455
0.6192871199682183
0.6239777211086677
0.9177305519534765
0.49942717900366507
0.4547553781270427
0.3063353586939417
0.3404680435167081
0.4319989821696498
0.2769844556026456
0.17452205724865666
0.7515424542413796
0.04066624075493419
0.7639555585531363
0.139781643549863
0.9854184535286439
0.7364762764292997
0.9224011121437755
0.19958390827355343
0.27291176746525114
0.7696312998961169
0.1385302407823492
0.3211418208820457
0.4602299171965891
0.7629504993657825
0.9885621748107792
0.11193690010126378
0.458979507080606
0.5752593459487332
0.7532616171402768
0.11297183334083172
0.9489827585057896
0.6995845687864093
0.6291121849344542
0.021860251814589282
0.5940313534371313
0.7862859378778684
0.9853546238773707
0.18184845366990987
0.3047877318515565
0.4102272600338426
0.8646051785356349
0.4523146803755743
0.11458571171447096
0.05563802389875572
0.7429314656355536
0.8020319965358
0.7152340409631429
0.6748945929317437
0.7846097801055825
0.6042932022132206
0.08519753547219999
0.23405250783779363
0.5745221476710743
0.6322702512420507
0.5816434272115107
0.7025156164532805
0.7659811252188212
0.5676529966632351
0.34647724756743825
0.7447077418587987
0.8059170434046903
0.23601265822214323
0.6781738869094135
0.5691195149404793
0.1568744662045528
0.20015299297636124
0.5609351905932939
0.7383688346701371
0.07490154314757802
0.6349735397816985
0.5796927112092661
0.5540998596604523
0.3738846525154017
0.5840244158785903
0.6391376001960741
0.41776031061224317
0.35536584181604136
0.8591943001619385
0.13616796138308085
0.1919386715259711
0.6603132345328627
0.7587367780739294
0.6965251426451174
0.8275887493742977
0.23419330087049428
0.17174797105538475
0.12990671550857968
0.24456597397793733
0.6810770182137482
0.4213654250144755
0.9230176757311016
0.42431467023417657
0.35209948661152457
0.3946888505020796
0.9058784676935902
0.8457311459765781
0.09615809270174558
0.8939695293661684
0.17622728610393756
0.20511895842657168
0.18308136316675117
0.1950274936299462
0.5060312418552247
0.24582434036455036
0.2757928532510596
0.5407955313529431
0.2331375683506578
0.7171198042132588
0.649762624098673
0.89237808155713
0.9954435271230915
0.7653643628847452
0.8727783818053927
0.7054143536315598
0.15444850084302786
0.6622663777255187
0.5264565638316172
0.20158855372748685
0.09929108748454152
0.35191771713348674
0.1347446687540852
0.6155931721074374
0.9216364159719288
0.8640574308782434
0.29248659972524405
0.7971399241107375
0.4426259792869295
0.40574735786432925
0.5517606953296189
0.8279586915855307
0.9484926426575199
0.9213931374548396
0.29154926145881754
0.41988547722740355
0.36177294058795806
0.8368381338785325
0.6674337037225677
0.9435658494850416
0.9172129098792646
0.952054232581308
0.24498731319749345
0.01653404541167136
0.5407033151368411
0.46150432255116336
0.5822764104318067
0.3804407016879986
0.10755299435728771
0.8274840448901203
0.516943173651427
0.7076091909415648
0.8825351474951934
0.18483489246645812
0.44052231818111254
0.5942675762918881
0.6729368987677496
0.7442140712800736
0.827599258266147
0.8408704269618215
0.5608618438914725
0.725989381952975
0.06761567275583469
0.6115093734512681
0.4602801257450553
0.8223890788069284
0.5030798736812209
0.9793791592068254
0.3343755232035397
0.8927868666682085
0.5037217155225902
0.724219320987108
0.36479896633555553
0.247780928241487
0.11547428600796561
0.16641113375235062
0.28613244048684083
0.6692252210729904
0.856005658954114
0.7535511220442482
0.43337809029250085
0.9427811882619725
0.9257828087234684
0.7895128390080587
0.155869395845049
0.43581881057595917
0.9014531207706985
0.6193779602873447
0.6282614332030959
0.9536000280772134
0.3738441276531741
0.08995531623958886
0.2500183334523708
0.24011664900104757
0.9863556801364934
0.06586818484601908
0.5897245478358161
0.07920439720786909
0.14445187103760326
0.194513949173321
0.6027699459809548
0.4254802065310791
0.10021574122832766
0.2633068967810175
0.8947372370427011
0.041066022986208206
0.03279125539211791
0.007625068996905071
0.9817654343294366
0.4657541362686298
0.3528076792325122
0.2098082302676625
0.7547614683141972
0.33192681997457363
0.24899228351494862
0.0911409387418336
0.4030313093107408
0.05772620732389522
0.9997097675642691
0.5815138070101968
0.4053385139094713
0.2405958057161739
0.33784439780571585
0.11890366852376544
0.24530834731163997
0.31278551453962156
0.3895882128289979
0.07061737526430867
0.8587349559957507
0.5837270035263908
0.7486677994766172
0.4110133985511373
0.2910997111263769
0.08970829228561872
0.6415848157904191
0.1895778273020391
0.17555492906855907
0.5067334005431253
0.971393563028905
0.8116317212736536
0.0790514325038586
0.395506826119877
0.0812477911662366
0.3099565340832364
0.910590496839232
0.2895970467682082
0.28436581221054447
0.07687728818484096
0.5114071565621888
0.335461839956263
0.24355464060054055
0.4064111241353173
0.7623687678235476
0.7859129630544057
0.997095107869557
0.4905244730707792
0.08872208075237875
0.48559126946365716
0.4716767442277058
0.7296246296654982
0.5791606958974447
0.10831636131981925
0.2644847797072264
0.11538360496418132
0.45476141457864216
0.3058525526711563
0.6427502216267008
0.3685141193562146
0.7364450787076083
0.9162088318908709
0.6072892959679346
0.7488861372406794
0.829953534152265
0.33545918423489585
0.9806840864092503
0.6312874591777515
0.9403026534249009
0.5414314129939337
0.7589403294183513
0.7948888477242059
0.4339019008222127
0.3379070452430001
0.8457631635554522
0.40801937129913657
0.3524858822599515
0.8176494682898442
0.5213850574876788
0.7949069493461697
0.47805215845012516
0.5693048629723813
0.3886063404468154
0.04799811705687329
0.4072911839429513
0.635246761679644
0.4487953170183695
0.32298448683950587
0.6538809459820623
0.3308415871290622
0.41767884996037796
0.245653787263855
0.2640268357875899
0.3715402866262105
0.6943952620769048
0.9115733458567948
0.9064051851295097
0.3557483283581573
0.6259262526974176
0.8902054796829526
0.9246242680114065
0.21791530896689992
0.1287141131735554
0.6881220260016234
0.22586054592866156
0.3333273543644336
0.41933061775969727
0.04184278716479095
0.2767204625385239
0.14857437425278253
0.03815975243281511
0.19709808990791877
0.6086110590971662
0.5070143505414867
0.126179322317032
0.13759679835069316
0.5331526443417023
0.9751407390210572
0.33538072088807214
0.9159416945626965
0.819208846579379
0.8896023861415895
0.8210365200774001
0.817224678206748
0.42011356797254573
0.699420412888688
0.9663962192579567
0.20653593215847066
0.13420390125804937
0.97740671739301
0.3508401305736809
0.053317077328772444
0.7614026874073787
0.1283989394337145
0.9261223316426163
0.5855474967420362
0.6578680687991292
0.44403276887083765
0.022477599161612516
0.3461076838402083
0.22588656528485718
0.5073931188703263
0.8786765056700724
0.9960635879096826
0.5832738775069732
0.8231376925095979
0.5062846363262283
0.7035740460354754
0.4474558952881329
0.12034885966386966
0.6019365866196731
0.2937523949058908
0.5553135090763448
0.38384032447375616
0.6030302454273561
0.8013042319690913
0.6775163734189601
0.2913995692580077
0.8798819005320774
0.04051860361622395
0.5350927632842157
0.17928339854857245
0.7694365628318607
0.7071449548628833
0.5795862502155418
0.6490682079171792
0.23367478395391428
0.8603441845014557
0.9444416053976065
0.5346667338269131
0.5320956706408586
0.7414497976575529
0.5438433559547378
0.8558149422066508
0.4824311749253941
0.8509604683221055
0.6506955705094192
0.3873231162431503
0.45638727044956795
0.1836338125709549
0.22729301142992375
0.7025282749999828
0.25487178494403373
0.9927132851188898
0.24374400112850492
0.3092636942168341
0.5477599211271476
0.06428825445324537
0.11863567728271085
0.7202183352871355
0.5424952423629968
0.4109158652336653
0.4336234535631712
0.30702813806649387
0.547837217977937
0.30180375817334437
0.27613802315676783
0.9269184758089712
0.705577034828045
0.12043103528304888
0.5009636449301841
0.6571059658808748
0.7580737490385263
0.9341857975753288
0.3028693070119012
0.4717573548278332
0.2682440210620719
0.5815394713044633
0.9917197102244151
0.09787955558076133
0.5952614667060226
0.07150133796745306
0.24285028336140368
0.009474468906886524
0.19039599717191835
0.9528103434565535
0.9666188317872434
0.7755883821284442
0.6799498859900501
0.5146610399825078
0.007563897580416756
0.7178095037689991
0.14985254369351242
0.6896398543295896
0.9379386865073108
0.23829870431709765
0.9519923365612585
0.13855123188312612
0.7152078234315826
0.9696134649294276
0.3330897997460227
0.719037336247054
0.9371657060754043
0.23947618296518047
0.7043341551660388
0.27196761564835903
0.48074599916345695
0.7186291393579879
0.5611533125576638
0.13054481449856092
0.9734052524489977
0.6229961453010614
0.31509446437374466
0.4152196204417027
0.42011526498162166
0.13589775959481365
0.7062036173493891
0.8039160377325111
0.8312663163269409
0.30188727849574315
0.8950547529026287
0.7837852277751117
0.5352575822825425
0.19468543929024207
0.0667647407655434
0.26404309093754863
0.3884885721310569
0.9466278391689892
0.27638623379430616
0.5873199385720931
0.4714904124976155
0.4094161960617526
0.2901249742737416
0.39341384401329527
0.1785075305558762
0.1388618159217878
0.6709344316670123
0.23947577329755543
0.5018205608416318
0.4107681372758567
0.09344202083657915
0.007479520820891206
0.25445831373230177
0.8432514936884224
0.44316028089882187
0.13411043449986526
0.3389539639916439
0.7415839701785447
0.016359847465215238
0.4036684562584082
0.18726171934144908
0.578423508590578
0.9192365743895428
0.39300048882096683
0.39902443099675067
0.7060597524915802
0.7907292500716814
0.4168843760199997
0.5919852833722411
0.03175162479767246
0.10896023459044057
0.4708199452922873
0.5425151390172241
0.7431805232481006
0.35436950916153576
0.3249408828130601
0.7449273553956479
0.5215128640561152
0.8124107191041722
0.9187354278512012
0.6536311151488086
0.7393705200574898
0.949611049030509
0.0686037410360042
0.7230179653095249
0.9155131224134805
0.5847974887297369
0.22286699463996285
0.42356202680334176
0.6331960677783739
0.2016584267448852
0.35588990520033803
0.7644817260407615
0.7513945490348403
0.7936126313712213
0.5596362434528561
0.27674504922780685
0.014312991086613658
0.34793986580447867
0.4040644772588996
0.8677735100815409
0.16048638486187294
0.7082295329765594
0.30450492596750867
0.13461063773914494
0.3361930625060071
0.5153556238428832
0.006415366772800746
0.10691551698634405
0.34555023146533503
0.6437156825195449
0.46720271300690897
0.6828804244848462
0.3754299465344624
0.9720385021112901
0.9592273423695543
0.9329400236894598
0.819265268061081
0.9533847410915445
0.07592259388893285
0.2569098908673172
0.12858253232405503
0.0860841318293617
0.7200089827853001
0.4415395137180871
0.8842600321067655
0.909131904807665
0.263754243548629
0.3228534002667257
0.38193738907406427
0.3855887190560302
0.4293029531456206
0.8567458463636773
0.3582789404288691
0.6441303724995796
0.36694861927470657
0.8754866116151011
0.637851199902656
0.7222373969247876
0.42933945705243703
0.9633837773096551
0.46679444543163806
0.27896917290373535
0.7810482182787318
0.8526044283314317
0.3985988862211618
0.5837982637984686
0.13829528218660836
0.14878579256632052
0.07727459568401196
0.7475590198534091
0.4574169505630946
0.9636931502330338
0.6368688997285099
0.043898923707874626
0.24934817080568927
0.601785555002039
0.6952160216932031
0.9442580779066647
0.1923650680658242
0.23779050294099113
0.0555464952842083
0.7441695288181508
0.11681230109803031
0.16418541447131796
0.26789134459082786
0.9079244952010146
0.02524113367412273
0.868209406177049
0.5488788482667338
0.6168850666598265
0.9579684880803022
0.40915059466598747
0.5641328227493028
0.9552486002691585
0.09605252830845712
0.5275601180976313
0.559349075973722
0.45929309142558894
0.6099790283812435
0.699014640052124
0.8396953901304388
0.16569023341434508
0.9388329728774157
0.9192444421631502
0.5768409697727339
0.16844935545450335
0.05119099018203099
0.7448836491632476
0.9298585619930559
0.4192428801999851
0.32742079915840305
0.3787651940440605
0.8271607834278307
0.4972172430017452
0.27860822693925746
0.5751627741073003
0.6285305302785076
0.28993940419509245
0.3739116137008218
0.5109933368182455
0.9302725962240743
0.09923011587176067
0.3809054250071666
0.1167568141434775
0.9320658560320715
0.23533369401015558
0.3177095868552138
0.192671854327243
0.8785492544286331
0.2710048842663215
0.4579916228180235
0.27846764711017624
0.9541923446659768
0.7620113134442744
0.9508935496087622
0.7113607610028614
0.8698462475619422
0.6227833393033095
0.3605053127489506
0.09705922352274743
0.04083222109030604
0.8433626228556724
0.43023305597883166
0.2871233548277775
0.38163387232218404
0.7298744232423936
0.70219411925515
0.191417456783311
0.8919269723179789
0.6287346683040965
0.6323382666742241
0.784698789769853
0.4580918361498617
0.7860710932926547
0.4974892323297382
0.40760347600315616
0.42319138605261175
0.43522755743682606
0.30971705727413334
0.7825111595213959
0.8574213587181698
0.3717961634047041
0.28153625949569827
0.007815823489422336
0.5143847465568615
0.8972342477968468
0.7233466695773284
0.08892007262162094
0.2552693639428756
0.207857002585063
0.701633981953735
0.3290956844366537
