0.44027234212565636
0.2603778361448902
0.7281125449629745
0.6055486609631563
0.1280613273979363
0.6458758390260574
0.3377990335943022
0.5934636913722403
0.908529634240712
0.8893764800843588
0.9638958539720012
0.00712813144159774
0.7948768264282333
0.39613257174934136
0.4849341972309681
0.030666989105920472
0.6473371616431046
0.8899755769057466
0.7621158286686965
0.6420422617787931
0.963597911185181
0.1427010851101045
0.7849785598920006
0.2643932259569165
0.9932750932705927
0.26419936633564156
0.8132414136732797
0.3939444903366055
0.9325704190065802
0.7310275567181257
0.22875179940855228
0.521178803933895
0.7131264422584216
0.2513032737458333
0.7748983377143149
0.43711899346080485
0.3434559916167672
0.38641940423888843
0.8230145152932814
0.6760048495464192
0.5406499016747429
0.058330733821058134
0.25690778142631565
0.8615578234808652
0.12347062297148648
0.26049265072954764
0.8850184796158064
0.6754902315717256
0.16739755629276876
0.8026156522960463
0.36285033556751956
0.017093175446199926
0.3819500362411826
0.23322730538375425
0.3206270113483861
0.7328209903410393
0.7352488155514046
0.36899224255884333
0.7232350300184408
0.42372794079774634
0.7560552811162718
0.2213606005677805
0.8017259485615141
0.8816286823558388
0.44187262299372565
0.7065339445028299
0.7052909495064665
0.6372403715677264
0.5364539993832433
0.4025619443786127
0.9208261206008843
0.009758258382877916
0.2843539675584943
0.02624025114671613
0.9801845241375194
0.22221682677045607
0.8715397674970372
0.02295240614430938
0.7541794261162522
0.6717250806146735
0.49586567718405394
0.5116240384658004
0.3579811016161998
0.11550903549705183
0.6404686156287306
0.1496949944159871
0.815022355627263
0.46807413928131447
0.49711311681339554
0.8159927570422821
0.1653179000377506
0.5597349043342955
0.707376083232521
0.9916848070069678
0.9743629174641617
0.348277625563601
0.16225212590655758
0.0401988366170265
0.37637367637591423
0.25491250460562487
0.4406791313450483
0.5100716091137936
0.1160515823781042
0.1283934555546572
0.4790066138501511
0.740533643878998
0.42618598197173896
0.251514826548895
0.4695121263855505
0.408488098444859
0.10822079630381565
0.996412417244383
0.7706152901610878
0.37864928499849093
0.8792628714501141
0.2369751739163226
0.7087870772702956
0.05162535456887929
0.3654325703958249
0.9881863948891314
0.6405259112237646
0.725806800137768
0.8941136527992235
0.40190723491139557
0.9782888282694268
0.9171686023630561
0.9058846293148939
0.14296429365620933
0.8241427472146298
0.8052588587496704
0.6781266875904278
0.8955666708801882
0.7688963736062296
0.6176723874153295
0.4202197412374893
0.7215524310214373
0.6749934993996145
0.08303758676949324
0.4079113411726324
0.7788627200507137
0.2469662147960039
0.8979678160608977
0.28320662203917946
0.7047605544595229
0.7343724415326109
0.9088519870456846
0.16985194415767746
0.8093908673777176
0.7980308933298275
0.3315639275100106
0.13607640390693976
0.05216692427514602
0.5204028279991487
0.6163990377706927
0.9493314979135395
0.7136351517627021
0.7747961441407258
0.027465140061326943
0.4883356736278385
0.20732421969398207
0.19152906913395895
0.28521465833636117
0.554901791112989
0.8125524407193284
0.8537900068829032
0.20177651476405978
0.9738991886327815
0.044356041857679274
0.6269821257756212
0.20135511684762042
0.13458043190473667
0.2521192682232075
0.0153719484442566
0.22536897438040582
0.034598155057638635
0.4350267624094052
0.3567397223140819
0.6562509368040059
0.4227214512612779
0.8596279644224343
0.5947070329076495
0.5484576692713893
0.7691049149849437
0.8601039140551301
0.2827022694269833
0.6129453238837304
0.03878924387138505
0.20788934054609942
0.20130016180443155
0.001022802516057908
0.3622792322943178
0.12757585904080648
0.3398506415832222
0.9224541498149732
0.5675103103212996
0.3442161371117781
0.8672819738199017
0.6663875635933981
0.5810078064732468
0.2450586078888285
0.6022465174402144
0.23801392549136546
0.9763131134592512
0.4428555420824599
0.5130694268721838
0.6813701727702433
0.4431972630284883
0.7806169854593601
0.010457945683967074
0.6546080630324231
0.7694955574628384
0.6070762288194939
0.2527919403708002
0.26115849250339185
0.5249504036082651
0.5723804874275994
0.0544256615067128
0.9119462366674485
0.1908573426742134
0.13388085025640084
0.4329592341698303
0.9759048433868981
0.34335103785404075
0.438535941591937
0.9096185058530901
0.9228879873178055
0.22594630905066537
0.31348049747656437
0.46640790526238673
0.31511689748185
0.5819334004429505
0.3859735935047106
0.8427965203527648
0.5799610558098989
0.33682447533318716
0.17600515757989932
0.9212439314648618
0.05275403555393088
0.4222383903453435
0.7382708610868334
0.9382353196188699
0.4060623221857047
0.6341766630981693
0.05765511525983158
0.7297607143311653
0.38265652808849715
0.156729671874136
0.44512082907737116
0.41170154038001383
0.5355249954906541
0.019354501728711337
0.6892122861154326
0.5999732400678829
0.2765318359038569
0.8984545347858192
0.7583528258775541
0.7300259905936387
0.4173457871590587
0.8204193008097681
0.8404708402034978
0.2515522692953849
0.3293434663409145
0.7568305536796252
0.5939900136437464
0.971810504921171
0.5271191366697577
0.7235713358062289
0.946650447633536
0.9356548601801451
0.6629031123334668
0.6847347229345148
0.8897224616552591
0.010202485558083785
0.5114891672714696
0.2389197991130908
0.5073058955405572
0.5988091339840487
0.6898096287410483
0.4597051876987468
0.5845791466935019
0.7412981763727595
0.25406130957969253
0.31279267209639494
0.4770334593400406
0.08905499780949266
0.8337275094065411
0.46943947083659854
0.21202091780127696
0.5524091625331837
0.41802568786805305
0.4344013264211416
0.9960959028597401
0.588169520730819
0.30761355339267227
0.16428547715820052
0.39507282709421165
0.0657398167974309
0.7749483114546872
0.8084029799832986
0.3152988580171987
0.07710109579522906
0.33735271392634647
0.725641574260689
0.13776951625226241
0.6786214539532062
0.02424848448865946
0.24637374811369084
0.6989031731955714
0.5041165542772835
0.42482363463192296
0.9824572991810068
0.08533576367985851
0.5803280051232763
0.22206283140179994
0.7947656451560572
0.11328510745522613
0.5131670834735098
0.27745601478471293
0.7112028854434841
0.5448981506377419
0.6172137681595092
0.172944683499608
0.4841306760306372
0.9533381992451816
0.06739212030889907
0.06127682981312821
0.9228538994978129
0.07537099603333552
0.9908630486176337
0.35043624988754984
0.9483894997663498
0.5125661245911275
0.6495039913949874
0.11450194149574988
0.989242034834346
0.380362012389607
0.26916720077781753
0.37242293446905284
0.8409572161863436
0.6709754171244546
0.21134103945242055
0.5458629646774199
0.1508029309195793
0.3310365383023849
0.11396702021063276
0.884851613081895
0.3524711368219553
0.6229615029831431
0.7909533638730748
0.14915843101952175
0.7366053249591877
0.1743311833933221
0.35319693915667716
0.3188785437537317
0.5870438459040289
0.9654593535334363
0.8763999602015403
0.4254690758887011
0.07212421099302513
0.7309845055243387
0.6456773933339639
0.48507412099834746
0.5942878306277277
0.7313613602123424
0.6074319459658006
0.20613793496270993
0.4692872546650694
0.8374985488997017
0.43469255729262757
0.6331073197191118
0.15142037357401383
0.04611523026842157
0.6490119600164539
0.5805899663960271
0.011411061343419626
0.5817173024493351
0.15785767740321133
0.06049934869887574
0.9537662756013665
0.5441518642632707
0.6670545139609669
0.3305066099724726
0.0025898457535364905
0.045444176277824266
0.7622639665761897
0.4711215650374546
0.8738081515544912
0.7335337264616022
0.7905496895876534
0.506419844660119
0.39978138917286776
0.19382424874921345
0.016768645846579444
0.03457920266188852
0.5160314112919125
0.12393137433678636
0.9657108989244486
0.42201095825471036
0.4988759686211529
0.3745052850267183
0.15081739599946098
0.6967404547686792
0.604452386610437
0.2102234562953723
0.23786308500418474
0.5667069486073945
0.37201748302926696
0.7185485341200585
0.8505790041456012
0.45663018966908453
0.8686808281868543
0.7834121594201068
0.8150764353790885
0.6583049540728715
0.7787267054408202
0.7274805368125689
0.6531867479998673
0.9548166098076771
0.8027258200296766
0.4390586904428273
0.11703408068916599
0.7822078934121174
0.8398702931524253
0.2401202724748378
0.07735499674724666
0.22739971387698898
0.44038474817078577
0.5442382402944166
0.8224145888365575
0.23184781064335158
0.6096465620520518
0.6698508046750654
0.37107737552504394
0.3742851356204452
0.46103860222858917
0.5041559794373036
0.7693396414685588
0.004496702336711289
0.11642681943028943
0.516344422212001
0.4199498547842411
0.8074412398455756
0.2598680855494423
0.6820251682606487
0.8499771134699587
0.7195074139912178
0.547485342647197
0.6324549776619028
0.16968304239088094
0.21737243390324357
0.23613783174026715
0.14481267227906536
0.4665343842854137
0.02515889099386437
0.09176707442071041
0.02869834937460014
0.08359021889611273
0.08747836759771277
0.9684106961427661
0.4654016521504435
0.39739934073898653
0.5759087924905575
0.09943958588958346
0.5397480648965497
0.5247707789886392
0.37538452367276587
0.41316578434536333
0.4216120093407556
0.8612575211621308
0.4814312685124148
0.2219077549236418
0.38785994550407865
0.03583271262401255
0.3721173630815481
0.8105481256607946
0.21109139626463058
0.20213165708749714
0.8885260489172494
0.9480270013332542
0.6175818484355992
0.9781619520745647
0.7328252767477375
0.4272311960670311
0.6154007342879084
0.44075084136328957
0.16107290853430156
0.6391487048195875
0.7365190891288054
0.7991047909056122
0.2927833122541206
0.912775571033878
0.028406845832097516
0.30949376878670276
0.018633179200012395
0.3087014054852534
0.10161044080910475
0.2531840413510391
0.8793455145147325
0.3514314328351389
0.6523680941102253
0.5508516918994838
0.8037652897876381
0.9905991626797825
0.7095759409757044
0.6521408424787855
0.9624396268534908
0.7063929970491931
0.5071093956921727
0.479165337543605
0.7374714962380068
0.3175383130562318
0.13357664586726248
0.9471545761928373
0.7335660932513502
0.35182709023365255
0.34701377782320275
0.8322860740227082
0.8253378593395475
0.8081548886006661
0.22154679447604342
0.6845219047711367
0.32221011739738104
0.9898338932803983
0.16087111394879572
0.1650815732042934
0.5568008289415689
0.8767160813725102
0.1161074400192319
0.38438349199833466
0.2258010324578945
0.35714794792823035
0.36186343415187394
0.49836688285119823
0.0432628712883113
0.4970285293323776
0.3889987773190938
0.4951793048898442
0.46293494960638826
0.41567891757206155
0.39992622116947707
0.7711746378894855
0.5797790076403467
0.4145648632459791
0.9631273561013111
0.3880854004423304
0.9726540311735837
0.7399931361300556
0.9456421686580592
0.8061423972058903
0.11518242418645952
0.48809196078952366
0.12629130868613503
0.5006149891061967
0.13975774863910095
0.36234394894365074
0.5130731812053383
0.22315195451435044
0.8465538329703675
0.39013177233656393
0.996589243686344
0.6219073966022494
0.5485061897993676
0.6697592262080364
0.35085253574370456
0.5103408489529513
0.5746226858700457
0.9762640782790605
0.9362647748711851
0.4326299896769449
0.5245562579814295
0.562694889626298
0.09229618233255676
0.5854268101568203
0.1555560389774937
0.09384477098597754
0.17635774323762332
0.42620835199613216
0.9228836517973631
0.20671797064687458
0.3389300966006863
0.8505097198131459
0.6781800193282809
0.4104079472429858
0.8707720875314661
0.43454919043073215
0.11666734760289821
0.2929500955524377
0.19982120680577586
0.5176587200555443
0.011478627784779483
0.7796390082363103
0.16558632460534306
0.06654486384554004
0.2715624838024012
0.391420390669292
0.4508517125556464
0.27268586977135956
0.7336155904791165
0.37698672101668906
0.26848776525166085
0.309293466465864
0.7313239587001169
0.6692269082842
0.3767638836799724
0.5952483113343789
0.5810119159089443
0.8385739365670868
0.21897375117756812
0.65578003605121
0.22139617382473387
0.2657361002827642
0.7346803916430799
0.8503861265017051
0.8520810677242525
0.4557062746347521
0.26950637426301305
0.27550489533643285
0.5197876492093102
0.7303181940244341
0.994913519104713
0.7364758398148255
0.25277018365261583
0.23794610248857806
0.257292960136712
0.37269297067379636
0.2993069626848327
0.9870828339362463
0.818180874604163
0.2684507749221997
0.97333740129592
0.4054335555515277
0.1752389699755158
0.7200677150929121
0.8272780207042988
0.7754153716837094
0.8474027904648864
0.6812279612061367
0.07236921151055375
0.9644665981543807
0.10689591129000076
0.8473446153173084
0.47767316072385335
0.15288920176385357
0.1141636471868882
0.635930109243709
0.39411266212355944
0.8475809191676653
0.8681408047873829
0.10239373167567589
0.7054282310553934
0.5662615731184828
0.6741772933398281
0.521436280796678
0.9465760163933484
0.10770809492898359
0.50223133224298
0.17278821156141622
0.8924891328202135
0.8994385074746657
0.9341126493938618
0.9588575459869174
0.5625968995905762
0.5732899369193015
0.9761742373565325
0.5472901721520271
0.7358864000350194
0.36471529539393566
0.45157163739281647
0.4914361732771214
0.7663012423107928
0.5251402955494437
0.24206143735477903
0.846723198308055
0.4861135527903033
0.6442038619643874
0.7101239660468415
0.10766173153765635
0.25181217658612454
0.8666253506460831
0.025099357792410237
0.5535198868797874
0.9580539446496887
0.796607738697842
0.16013654602465555
0.6807419914490564
0.446533546628763
0.9952593996133786
0.698640669349178
0.17591168848314975
0.44696025843511844
0.8803153660279154
0.3415144546379558
0.18944993779933317
0.7869768820693342
0.04480119088118517
0.1396883814518337
0.7101939064397721
0.6682107699607326
0.665844601843388
0.06321110019665765
0.37525479413557783
0.5117890394648493
0.25656999521883783
0.33589757467921233
0.29100962184560364
0.6695940026427438
0.7218985717263363
0.6285752363770644
0.9763896118170772
0.9359335791729755
0.1905587443647454
0.1982548464901821
0.23816149096918537
0.16023582215324794
0.7287296891633475
0.8506867282935129
0.37047955130252286
0.9376080647406828
0.8272073214436925
0.2258760697180553
0.48920335710275253
0.5404157431714025
0.5635001246029461
0.9357476953345266
0.15827301868944732
0.8463663445368307
0.6386473609662887
0.2417213538966302
0.18715011792814173
0.6982844985171921
0.14366527542864604
0.3332775209297303
0.25722232537356604
0.19345379162174936
0.3579244728709501
0.5829066004614852
0.9536506002594455
0.36788632066417504
0.8746519360576147
0.619805253924251
0.10103211361014319
0.5791623977771597
0.16931710979569214
0.5763932536113587
0.0355652791292429
0.2825718731180654
0.8820332450699069
0.8715002742553238
0.5216947305604805
0.8083476061478236
0.0625515459832433
0.39532623982772075
0.726627068129132
0.16115302010111998
0.4312634840555395
0.9893496367861087
0.9400822893589547
0.29006574226166804
0.6593069408131931
0.20788449005593046
0.2872755132835705
0.27199727671024554
0.884237736696911
0.5274020718197632
0.21466466693464747
0.5192098300047323
0.8038532141654423
0.34122382632507675
0.5108959224757371
0.141513086731325
0.3918839401258555
0.4707763971768295
0.7833527148779912
0.4635797961892155
0.6793678787095276
0.27668029662259996
0.9555269496241233
0.7426879518931273
0.6978868520449628
0.1219717416888697
0.8861744875349502
0.20614193817530213
0.6286097831241222
0.8121627323082535
1.4482899316847764E-4
0.5459547095435432
0.14344300463356963
0.40648168224196735
0.4448080386858162
0.2709947158716095
0.1361261527046238
0.6091378027231243
0.3986589779789974
0.5684829903712932
0.552435854938017
0.9713325962923247
0.04584347558843527
0.3298301733674984
0.21849470954142558
0.1569726853702833
0.4999737805640767
0.3404914488518247
0.3253764656555431
0.7562457358148958
0.439377673212601
0.2344767174827619
0.12492983519612222
0.8819586027225552
0.5479694814356479
0.12159061151494299
0.2008343722664775
0.9822621976873857
0.9356435636220766
0.44621899324179093
0.47901651191560024
0.3846123790215046
0.8911199302310563
0.5584351076326709
0.5941928200926403
0.2963970447443639
0.5768659229803615
0.7289055548629099
0.9205930714573791
0.1526890829292129
0.8342708724559835
0.6026719706753265
0.5312064128461528
0.14938777940424508
0.3586789426263567
0.15717285982455775
0.18240433034747439
0.9722869211027413
0.7001994470852131
0.14611933009952016
0.08043326817419238
0.44275648064135253
0.6671453018236799
0.6434208732089661
0.6065698972865817
0.7425707465978344
0.022661447314166527
0.49685709234051856
0.27782117902239045
0.9070334577863937
0.3075073614512246
0.8253482860074579
0.10562782374362378
0.6460068093895469
0.14467814158524228
0.24443956212401874
0.8644699034535062
0.6264996018000986
0.2640199801147922
0.6261635246516716
0.8578025029808674
0.22721038629190515
0.394827261872048
0.15387046798693116
0.659558868889567
0.38470769749969136
0.5972394043830082
0.25997310090479975
0.023804473528027392
0.5297959868279145
0.15155970529749652
0.28618986967590654
0.536751276755752
0.7299464233673014
0.1312457578197196
0.31630481878515093
0.32150142753380595
0.41121853387293306
0.9469204357371043
0.3385673270348428
0.9198268807193135
0.7638605282387048
0.1721918601535275
0.9465677693787875
0.19071949521665343
0.5800677849907889
0.017843323229665864
0.9410026352237749
0.5987110964600848
0.29043863862573405
0.7068788902622632
0.22017778423215473
0.2521242326720051
0.9315323742560461
0.425357224808281
0.42049899742070074
0.11438882527191474
0.6528154656605984
0.4358501647776657
0.40438802680811237
0.3490257934257388
0.29705304935659516
0.7468858980601327
0.7137646344014184
0.8402379478784808
0.3664801529354371
0.6388613907121662
0.9710929706851396
0.428931783056525
0.9752605793636048
0.6685015789377836
0.8665929567101638
0.39063029369429025
0.38814873342453005
0.5626856780881628
0.2790292213886264
0.7406494522041802
0.3837080789247296
0.1527013377284716
0.42906731444482393
0.3779181234448865
0.5036782032261531
0.5229519372017649
0.1211973993620642
0.44906005146414707
0.5335511459825368
0.8859379891503099
0.6682295813818008
0.9312658879257246
0.1743976917502953
0.2616777905493699
0.14617019849964374
0.2462078193664926
0.3596239241340603
0.3422077423057225
0.4408705931135588
0.5197761122420715
0.06825918222566674
0.3729363406064965
0.5849619264473666
0.6753555654170883
0.9454048396154201
0.29827048103444176
0.04639436008747233
0.8820047113944391
0.8129624131635841
0.15358662103047227
0.9909138189981054
0.42407881542730996
0.14482735793799495
0.5879160137345476
0.195226463247412
0.2014925781693253
0.8436769115982679
0.011919188409948545
0.07216294360901399
0.5981014693804313
0.595754087824799
0.3127766461166982
0.4505300415068295
0.7307723150345552
0.1792552077799442
0.7177869561723175
0.4323508485883504
0.4321182115641785
0.9045562962184025
0.996364618870726
0.6427603183137016
0.6789060608154166
0.29489026271878405
0.8936348144369614
0.49948196228073094
0.9679618370582268
0.8916748324627226
0.6167432488001524
0.9119704554816448
0.2382410482720042
0.8847042564204686
0.8818326911532202
0.41857787545967573
0.9048590543648862
0.7107780960210933
0.7983693268952825
0.11604087533425134
0.22658524917510792
0.882520942459801
0.7754478808950753
0.29920636574965165
0.1385835471005844
0.8835242503596474
0.08254493789326078
0.7666005537025105
0.7859268128519284
0.4153443871819146
0.48488354746174367
0.8411782939087086
0.668749664089268
0.16439889734583701
0.9736799682100978
0.05498316451969598
0.4220217787492897
0.6939423962893421
0.34355823804637164
0.36235492924318957
0.20793651171478333
0.7694772848728855
0.06887312072490859
0.8204298566881986
0.05179220662429773
0.9050620220179485
0.1133182337126657
0.10491844931403216
0.4866571982313622
0.21723431774715019
0.6891036789811169
0.11059690710956094
0.04774300162797196
0.6350226639674937
0.6168173402660605
0.5153177396736222
0.28807927096084707
0.44785075430907206
0.613769316214858
0.5927874112517891
0.7312378747089167
0.7543419734081944
0.8096796798177002
0.9252047508515913
0.1875570999743964
0.6682465830793959
0.6649286194339389
0.35222687256210783
0.5143912287524628
0.537649630198867
0.26331709392067915
0.8828955094214134
0.7574665232511725
0.7998542328165528
0.5620756564462439
0.8319362737680602
0.4720445274325772
0.34208973155886513
0.9224982511744374
0.38908351949571673
0.013934308338697243
0.8736588129402627
0.17645599585191518
0.029382253123227176
0.7913659264933638
0.9983378620729297
0.016274590812059953
0.0630221649626973
0.3420186586390478
0.13522764155481437
0.2711828417526574
0.9032386373415516
0.08432921122922832
0.9991650686712982
0.5327146764720915
0.9733972527854469
0.9924853212638816
0.7881917544939011
0.17438553284422842
0.06875436971479076
0.8736451687979813
0.8011772885975634
0.11523407525607832
0.9043661356332037
0.07291071620006873
0.9079219241739004
0.9950385336027275
0.18430270650257052
0.48421374507592196
0.8478731845030079
0.6810557542826308
0.17726872496871704
0.9188143064887186
0.9347801990161496
0.4137155158987591
0.05057162264590387
0.8334259465925655
0.09034281629454499
0.6004074889998621
0.3457207140255578
0.8975206449150317
0.03683507916104023
0.3794895838797854
0.30588772107753903
0.2674558457839662
0.7184416021968155
0.5720131488875997
0.9237306776831015
0.08253190926816634
0.055549214896004506
0.7286903429082957
0.29311340691466814
0.6598877775457255
0.37124820100772404
0.6241017444921824
0.43881778789156645
0.24580583002247702
0.020723306051881885
0.7683378266648736
0.7045011535301379
0.23992172449719507
0.6111431995964933
0.6795429272131818
0.38585595779684645
0.7342998890700043
0.2969777384406953
0.42601029358471865
0.20198205936433788
0.9760578680476774
0.7685344560549786
0.7736421934910963
0.5993794158415516
0.2422292999585146
0.2713232610037495
0.024823544826695465
0.4585245190477458
0.054449908730687335
0.9790260430312936
0.5237761784460702
0.32685144082086426
0.06973786523853454
0.7161165280147745
0.30177924798719946
0.5711946322018275
0.9759924372493242
0.38271847364533684
0.3790041512898732
0.47838704147813027
0.3100508954155733
0.9772764120202088
0.3814977154843806
0.9846945800592761
0.4074821059479512
0.9894035860496398
0.4434819863721349
0.8331747875972552
0.7159740025970747
0.09618582960466227
0.3627219346496623
0.02630642844949649
0.3112475202566918
0.8219043235616661
0.987144781466578
0.3941471740900726
0.7890004730403132
0.5200763212136329
0.8248277644917908
0.07299304104714
0.1701520538866047
0.0025238204489694827
0.26883423913293325
0.2211333185931883
0.13261358236312604
0.7474417819285741
0.6999339774311566
0.5070189377216207
0.6041910768852835
0.14118368415577442
0.9668090902440741
0.9583145886381254
0.7836882569699807
0.6114674270645613
0.6048362725656009
0.2502615734023621
0.1971316223608055
0.813117910688862
0.8687596556323323
0.8414336194335303
0.23618149283743728
0.4751224247986504
0.8348438280577045
0.5441000684765831
0.3407313419090241
0.39731840993710876
0.33371585672460236
0.29800436373150974
0.7018814460809144
0.17215502462396204
0.8597290689477016
0.884498077471957
0.38343247299202954
0.8154259167524155
0.5168590703428005
0.8826048518688946
0.804889350410548
0.9390449994349618
0.7702766521936142
0.9464666774972029
0.21907459953797903
0.7193489258503842
0.4435344128950607
0.4129021108959072
0.3884447445251248
0.022903045222048113
0.20486914691912683
0.5898279515303327
0.3976312907097306
0.47925835898526337
0.9521212689867296
0.1554143779744136
0.8015332739315243
0.9736173459026918
0.3684240485856396
0.27186478044289464
0.03729175165276055
0.9350739882244966
0.6048117084380372
0.9489795151024478
0.7504697370644132
0.38404504873416145
0.41317024011282266
0.8058552698631151
0.9485871856577456
0.8364420167762229
0.9646066771824997
7.305689938473803E-4
0.6623747604568513
0.6101556891803374
0.7556462788270002
0.8421221452972343
0.9625330070476239
0.5616221319844438
0.23232640203267996
0.07566453188457123
0.25201915347361514
0.8565018248418624
0.77302397100812
0.5305050596066456
0.6990189022128913
0.07453052442461316
0.945145218247902
0.5315067988565879
0.9323303853471437
0.6295799861382033
0.14922289474904593
0.4518060548060028
0.9497330405753229
0.9230212629326509
0.1756850654771701
0.3226088820524856
0.23768175373182865
0.5433648543227066
0.8509870700236204
0.3378069758053912
0.7829268423172694
0.6332808054839975
0.5972893754328378
0.029240326765562985
0.5033544155319571
0.6323149022582143
0.5396383509767364
0.4254522591620624
0.3687139720426429
0.06207291499991785
0.9215131902297142
0.4107299342467975
0.13963843673281717
0.7637897307040168
0.9698205957129218
0.06269133834715923
0.863851523610027
0.004166956055419724
0.619925033045458
0.11961558456904364
0.11265052048848467
0.5430760320434462
0.37381159275812625
0.830265252994584
0.4673207300474046
0.13578406216159977
0.2900056565888822
0.36671293620019074
0.24604200721553826
0.08820623253535731
0.0436748177140569
0.5718800224948035
0.5692719051362022
0.07950794841833109
0.9099917236578557
0.8733803294858059
0.5413495474534246
0.06019995952331747
0.8620066954711123
0.8178030471985059
0.7194893837889418
0.13710299327623543
0.5496772356524093
0.36951718592397653
0.10843111695306318
0.4938878182943539
0.14528500059650817
0.2545966342192082
0.55073538957788
0.7042323211868925
0.017502576751136423
0.5230930102931957
0.19847559089786226
0.45113631488737294
0.404421824676089
0.3386489810841149
0.7177454755352649
0.28457150860977254
0.4335432845250302
0.18674421924742068
0.5488923814221475
0.27861666611558555
0.8819830461209438
0.2580820857308004
0.7317687707173669
0.011606760551690742
0.40685266121929986
0.37902202524878104
0.6293887729309479
0.043522162017641586
0.31453552532616624
0.709912842244984
0.28114147008539214
0.8695647099297241
0.23964814271386314
0.09905128667424024
0.13991242148505634
0.9757579484246169
0.01833796191489323
0.47673316304893787
0.7728830608397435
0.580194894707498
0.6382261063240797
0.8261410004259643
0.995061955154177
0.7113649209967705
0.44080051444597756
0.13447581352236881
0.43116592626773076
0.14250343347404726
0.8379509283290518
0.5716553951667327
0.6235690889879745
0.04963704136427982
0.9726147691756138
0.5025545353054706
0.039474793086789806
0.6381079120924199
0.7964202844216858
0.18720148020355754
0.5743777759246009
0.2802561920697302
0.09231720760442197
0.426869316396415
0.20724742879317493
0.4387805453421896
0.6414464083453818
0.7121102734044289
0.44441975714060955
0.29085437238863
0.8593903960289495
0.9069030985084809
0.8805424448515431
0.9132715449883454
0.1950778323735297
0.3033332695463986
0.36144937175608116
0.5411054986669565
0.8222820807053437
0.05538378926048382
0.7123835610140443
0.8182168430870492
0.3334566559745842
0.4551937778386935
0.07866480178687574
0.8816809405452427
0.4463671521993581
0.9410540249154247
0.33785135859521453
0.36642038913597474
0.6083226305177646
0.9206399848500215
0.7555015237494889
0.417227814356289
0.2139626446207804
0.41228845159321836
0.4990825038066594
0.9114381822942899
0.7309625500094997
0.10669578018308723
0.9196356624676206
0.3249728504022331
0.03543118503018228
0.9053309807924754
0.726969285166596
0.9008913224807021
0.3134894755570571
0.7635353506344964
0.1724915644373407
0.772804136982411
0.04975587180697416
0.09330192788015224
0.19307175806750076
0.6349011406106804
0.18573296788229032
0.42319824476939716
0.5347292000139677
0.3473749794673845
0.5726425758824167
0.23864032514912847
0.049279751550466155
0.14294784459158028
0.6919786668734932
0.41499467536291923
0.16900500249235095
0.20893049237867978
0.009371892704218787
0.23821654880626042
0.4584135875142431
0.5488956883158724
0.8742588646949082
0.8977699871504756
0.05527801343923233
0.6101575985269724
0.04687257449559479
0.9209956611763983
0.9122394321193703
0.8877716872473579
0.2099931098269434
0.0780954588941647
0.545493612529076
0.6641278593340887
0.8686758428504413
0.45463255466067043
0.49610049522919963
0.08402669696336951
0.4165509371976174
0.21649157693266252
0.5015968110097203
0.5248063395822515
0.6407523708244445
0.09088459390848436
0.6202129371304548
0.22168571736712828
0.16125615978687824
0.9654557382353198
0.8271644539030909
0.6973394574694503
0.4080296958967494
0.3953107328254223
0.5817037553635304
0.3535723098856368
0.528132758056002
0.027127145222694105
0.770344988320464
0.42754020198218257
0.7870354040966964
0.6434638024446073
0.4436037063801618
0.5965200587028634
0.6760533793338497
0.3002940779967488
0.11228152927499979
0.9433591051091131
0.3170489468181815
0.8890730261845924
0.06751883949541448
0.30766324035962545
0.06163785855247206
0.3908378489842196
0.6341897460312428
0.7234131845133907
0.1966147800919391
0.7540636877909219
0.3593207101484529
0.6222875699479519
0.5218867841824671
0.3552441433250161
0.7021250909424703
0.7377354014222434
0.18557117268650747
0.931150119109406
0.12796291070492505
0.2773358443634669
0.6004446820717465
0.8772675483709153
0.3545603896982842
0.13273359735858004
0.4799149645648637
0.5495616214986683
0.13992733645688482
0.16555026423369001
0.8456715928034032
0.6964186352106011
0.4886064204409949
0.7321215787626829
0.2487771805250264
0.7040772567976236
0.5756246059752282
0.04289738330494741
0.16485129938463905
0.029248230854913126
0.3530484026696198
0.17393783859554124
0.1070973198597781
0.9141105287058259
0.35750654401497717
0.3430393031532014
0.6995524333023783
0.34187719191689225
0.8650498402203717
0.8520729053292987
0.023937715787476832
0.46543353336312066
0.8135803972796573
0.08025020204598299
0.795520549053487
0.5485910698981513
0.9098933966636127
0.6542336268733073
0.45498810954945157
0.10766550281823051
0.7661442447846181
0.46168473515737074
0.6612386654674859
0.26886096807914184
0.9490724610030341
0.9021238259865701
0.08316717685851449
0.5288333651492781
0.8261152916108189
0.45162856195174983
0.44388362452407515
0.5593013055071268
0.30003945607100857
0.672758966318328
0.1919836468747006
0.5432274241416043
0.16974439019778487
0.27109053265901006
0.6215276984535372
0.9079562820642089
0.28631569972382775
0.29149407933937277
0.11890622412866836
0.6079515368002004
0.9757855454096667
0.5679536172217045
0.913629452318079
0.9044001763550936
0.811986442866946
0.13724461122971132
0.09807000702168422
0.3262463036960672
0.6033083064378006
0.18068724604719033
0.8252771261545856
0.6134236143127701
0.9149203218671993
0.8996015312490855
0.6763380310545934
0.12263944760698786
0.9378925991894896
0.7363082789031529
0.8688667675491207
0.4857020205728403
0.44332144950254204
0.43693877072951715
0.7406537327443611
0.8131536249059238
0.3313466729652885
0.7418394415307075
0.4375725219695613
0.8498278186034465
0.517556031747541
0.6885243086085154
0.9694838790041397
0.4298935525765304
0.07376752304412126
0.9070924860038072
0.9175324433870493
0.49590547662146467
0.8149387752370261
0.24546488027540492
0.4126301973980825
0.1796734247284858
0.10694916238674146
0.312415714919988
0.7605483147754852
0.984372015365903
0.07537232426700224
0.3863025015852817
0.13121049325242595
0.20286114879482453
0.004745269979851807
0.08953570757752072
0.06721359343238931
0.20914698223207828
0.9760580578778764
0.7905384074757563
0.07916503977757605
0.493603242730249
0.8237190031924675
0.3137693989706506
0.5731579196476445
0.7796606910573318
0.6877846824717363
0.37939122903078903
0.5363520839587215
0.10290747796094313
0.6919803097473765
0.7385339888998418
0.002856673394629028
0.7644802923877664
0.6289447443410627
0.7636404597519728
0.8025374440990627
0.10661137651920438
0.7574643071362417
0.6229671820600148
0.09082736247088863
0.18402748802268365
0.8660465939536182
0.659308805428872
0.22310619000377818
0.1408299376628387
0.07791730542276476
0.049621202129568664
0.26206277443932957
0.2438420634187638
0.2879120561440499
0.06080591806301594
0.6448364743719762
0.4081438607884623
0.9536677662495912
0.755282827047567
0.8249291688918028
0.5680431274116146
0.5243121445140279
0.3932453310780747
0.2596034662657386
0.6122919222675028
0.0689585319300734
0.22647725361769244
0.9053202448554064
0.08260911255626546
0.7636935782229267
0.8235514769996131
0.2048120502865729
0.9312105680374767
0.4966506043295775
0.7030046471840081
0.2685140672711097
0.49231260964995316
0.6982286031535153
0.7293943244559309
0.4793210019753078
0.9049545373697302
0.6370155879638121
0.2573858532818746
0.19328713814619236
0.47681491028627754
0.57618973109656
0.41479651718527777
0.49217711085961746
0.7204527492771559
0.5414496561673307
0.16675659559445621
0.69255403807913
0.9557811462611665
0.9755505399323223
0.786166821008034
0.8519050887275887
0.9346478086801192
0.09620267633620028
0.5713237771522477
0.5293548626186705
0.743817811927203
0.26035890950146257
0.11877145975272319
0.7573837852220059
0.429939522933072
0.3945824928205758
0.9492733717720411
0.41393827357041435
0.019889262285992415
0.9581668795872549
0.5347265621802613
0.43911255601797883
0.055817837017405725
0.22172940602552538
0.8095915524917762
0.050066320774629025
0.3493206381133591
0.8962280265801097
0.6185106119969893
0.6189557570048729
0.009260625187666238
0.9505464210233144
0.884145334902566
0.2016673066426976
0.6111475111526616
0.9634935665159117
0.47337257772932306
0.47885976567733335
0.16877862082227446
0.9188942066586634
0.6365814051559575
0.7181409676538903
0.018202283180096313
0.387225917153759
0.5462872081370859
0.3860512834798966
0.06869854383041951
0.6149014660933677
0.24923010251390365
0.5070124729790078
0.5011896863491394
0.7924667035553993
0.9241952286405474
0.5780821133401653
0.9586077502561997
0.579175406415548
0.450195934193408
0.7457435908448601
0.40522175997026966
0.7863704684335219
0.8507512784460766
0.879163170308988
0.10923036525183982
0.4936824853758853
0.31192056024616877
0.4922318059359214
0.5646760932365247
0.509808724269767
0.05127249164709291
0.4635089769401327
0.013129206386442438
0.47279248003038365
0.2073566302683536
0.4992635726704938
0.9265735087355021
0.9024936216542029
0.7697666199750792
0.14238813748448886
0.6323790470230006
0.578317143025343
0.42598744921810516
0.7398287419314604
0.009282449997831677
0.3532903799281588
0.8996085705472701
0.7614346530819761
0.3915629352582999
0.21335575688206643
0.7928023336870001
0.5922078251113385
0.9685623742975904
0.4648670131205359
0.19755922118649483
0.42311279655158884
0.667527729315148
0.15446633632791595
0.8088868212360947
0.3536940998686203
0.22223304391695897
0.7399985744659849
0.6113110361484883
0.4882668628654546
0.18703819072047068
0.18137430790739306
0.5117189134182514
0.4132825948223927
0.17841927854161244
0.10557473669911044
0.14574193445767947
0.2822493909317706
0.725497444373428
0.010533789901844393
0.4552561403404981
0.6287461910912806
0.6906421341837232
0.9379830196896264
0.14623862681086197
0.19050914348084735
0.44664185491162745
0.29745246784863577
0.7187453661057821
0.4564442505059979
0.7946331627210368
0.48057339662574683
0.5128258685301083
0.6385422293467763
0.17015471984184205
0.48032340666217654
0.0354288489582516
0.9394383812934337
0.2481960752269614
0.9700161815161462
0.566942540040238
0.8279043847656673
0.34784496164426315
0.4125345757767197
0.042748525125421044
0.5297517776057021
0.5597659477956825
0.570258940806135
0.9375994811191221
0.5357763128952123
0.4212382997497628
0.6636521705723523
0.9836125601127222
0.5279886699756513
0.6007477843025354
0.666365928169263
0.06970292509239795
0.59594262246785
0.8252687661294943
0.7026497957357954
0.8209173089554599
0.11696158387570477
0.7042938570869397
0.27848327410829776
0.27673617543714457
0.1370307431083846
0.7326726714752535
0.5220097022005139
0.3043827916183808
0.23116306045880997
0.012729783835969233
0.2702255297236149
0.22188263411053877
0.05504243702930567
0.9938348619151925
0.2166408186429155
0.9999654408802161
0.1456464386294205
0.7039731052355351
0.6735078750396137
0.45540184706944853
0.3071659134994287
0.7735510298196607
0.5262288031776661
0.8215446906590747
0.7794206091380512
0.8226882000056903
0.38182731975299034
0.41669597193488583
0.6469192741440462
0.10566529585946494
0.5090053160044791
0.034215950923936034
0.12039674830330516
0.3679859995147188
0.2052732406484009
0.8815826465158645
0.12273027990866459
0.5149648032655705
0.5396596800115807
0.28626714400323383
0.42422055933514446
0.423780566175047
0.5397507385620238
0.5900665029417402
0.44266173664625186
0.08243365105747869
0.7257808829447449
0.4484816156742122
0.41721367034157275
0.8938666959009627
0.5474725392041631
0.3551274885304889
0.8334733635729713
0.17572966647669042
0.6532877273433882
0.26997916703876124
0.21102082207103312
0.5006112613730406
0.36027113371167185
0.46609872731804314
0.5674702201511074
0.9219682165171045
0.8122253471295264
0.4344040536560607
0.6973182888732088
0.5838767108420906
0.25829446903460684
0.8201447227707029
0.18431284675869664
0.5991505855616386
0.3259311497074112
0.14640460881965056
0.9646646496155764
0.8245880956930273
0.24792894239187346
0.3765932806330815
0.6319474298097889
0.6635452213233073
0.6201197175671055
0.04117659479512359
0.3822856819302869
0.003141916770189379
0.02429817007293078
0.17805946525142813
0.3117952154397542
0.5878730319429971
0.31515315866807414
0.3028167061536303
0.318766855643576
0.03525679162027173
0.6313922341503856
0.6824297227725619
0.4698920875919548
0.7621033626845289
0.28375230118334815
0.5682402646741749
0.14441388949381595
0.26808444898718475
0.9505229022103353
0.8133538318804843
0.565231956294718
0.19326130267559327
0.5202933952054057
0.5153673725622083
0.7952817005449251
0.8249832868462734
0.3111777836033598
0.4443162503866708
0.11198622343499776
0.1999024838180129
0.3074907213276802
0.06322472607871021
0.5986085532754448
0.27230400428496626
0.4027710438080201
0.8756304677113038
0.32329521483735113
0.1899761023997001
0.46184941112358646
0.5069669693858857
0.3687912723890816
0.04784156115561178
0.10650227173472093
0.3188426162906842
0.5948104509694855
0.9765276517178332
0.21487763484599298
0.7203904140416414
0.27526179878794366
0.802277678245402
0.33288063316155825
0.7609705162286001
0.43015266505749983
0.38013142403908307
0.3423041467291159
0.23123708771311424
0.04144518163564315
0.663082618158691
0.8498300930486586
0.9686228457289238
0.22728192530175417
0.07708885801120435
0.8491377388586333
0.9730829287827845
0.2148630347522893
0.6936599263896315
0.0602722832711744
0.7734487552978356
0.6747443211899987
0.3603707730584672
0.4019437446493943
0.7414825624739821
0.28870271067701214
0.760073810333334
0.8941445186822059
0.7366428380778376
0.8977400726629782
0.4212853579789301
0.07447603745243503
0.7382221748036882
0.019085165548864746
0.018837407558390695
0.7580520299795693
0.22534469999748108
0.6309130872478264
0.2632664103822904
0.9783840343395921
0.03643934331663823
0.09986586967846478
0.7532808453577277
0.9544859896582001
0.4593881383246209
0.1772624049963889
0.15324607621083486
0.7376121468509182
0.8255058205898813
0.28743014515220333
0.5983554390316514
0.07130640334833416
0.48183580907254864
0.7721495978451228
0.9069088539452386
0.00546974731783334
0.38186333881064205
0.2557386005227815
0.2686672617024216
0.7393654622010095
0.8230071670753883
0.7056533171701448
0.13739772468290012
0.37146285480201724
0.09117170134463615
0.9713237198773862
0.09617072731421472
0.12662540664190158
0.24322316236307995
0.6484346983104038
0.4320522843237925
0.10307046133442332
0.20618908715701623
0.1891449608157224
0.3250911792049004
0.8227367328665004
0.6885866447850457
0.4591193090346466
0.2500584428571795
0.5204139367093096
0.07107051650363372
0.1391232546675305
0.9631017771749154
0.8452665641050958
0.5690402749129593
0.881822912484837
0.30719730885060226
0.4845599322370958
0.25328971540349965
0.7295655167640129
0.6663162046222767
0.27164771771533536
0.7775556793913384
0.4068913731895688
0.022610353070008804
0.43280040213622295
0.946004165380813
0.10290372729413566
0.38926410276549717
0.968402855908804
0.7706888860895789
0.6403340671372313
0.2674547270011627
0.4712179848180549
0.346624612915048
0.3141239747862371
0.5550424528505191
0.6109663577926943
0.9244257220836489
0.9934674109202155
0.4088202226678346
0.9402329968849669
0.013303864396039256
0.38076441272919626
0.37277012228215733
0.7879814878885343
0.5117825879678963
0.9078069461870385
0.7951280238465577
0.17400815977116313
0.45311407523779934
0.5272140177561588
0.20575900685046455
0.7050699304740693
0.22735808586318063
0.8342097832882552
0.7914693882015137
0.4219760685549716
0.2700951299024883
0.4061513025522754
0.4096849375472076
0.2368016572268833
0.5886763267153516
0.17020244001594176
0.7723114547440647
0.9967130005489112
0.8693533916324707
0.009804749791245126
0.4953526939957962
0.3835930313976672
0.19988040563290244
0.3791572178380499
0.12042758198795656
0.44366645367394
0.33405383448039583
0.7574431381091555
0.2797009063958943
0.7212493372907479
0.7684771855633609
0.2975323754376189
0.6659900679157436
0.6696662436430147
0.7044038248051525
0.9913998266365669
0.41180258821404436
0.780676649917564
0.6068487581834036
0.6588221421179011
0.8758327040459681
0.12309162290701359
0.2098975404885357
0.6492428953430698
0.5551819272336793
8.359611408732537E-4
0.5059993544315493
0.09037996219046229
0.672764220601962
0.347996984696028
0.516724128445383
0.7891774208601883
0.040100904513173274
0.051707033849729855
0.9430450223216255
0.2318311105816524
0.7211234833733335
0.5433839394110436
0.9440555862321065
0.16209510252853065
0.9169452083905962
0.4280655737205763
0.12937170667937303
0.8433341192283952
0.6736500205746235
0.9167996214515973
0.08658620561426567
0.7794844020263141
0.03175348496902075
0.015445646165142768
0.20496080281494855
0.6845301392284281
0.905622384327481
0.6977053177250613
0.6072626747169343
0.699372291537559
0.38851421291878485
0.5415318200752928
0.8501174714612609
0.9491892435223033
0.8076920700169044
0.7730433015994167
0.5453413489796887
0.3160096471924161
0.7503447343648683
0.29432654671556446
0.6260639140795554
0.4516512966428995
0.5323845186823188
0.8809404244959645
0.46501678211580566
0.1239259030723373
0.8283866779865297
0.08736431342809536
0.8275918963966221
0.3342285908513626
0.06983596348855647
0.6377942962724568
0.704265475026353
0.6278772220160613
0.48410655860508744
0.9367399884010824
0.9843458705921985
0.8796250518483988
0.5026581558808051
0.15490232973966822
0.050484536988088524
0.8642202789933401
0.971979946670928
0.4062235502482773
0.3966496934584717
0.9592907346110772
0.9121234893532324
0.4656929299968483
0.34190594861323453
0.25178503257772933
0.686776309500165
0.6772926512285042
0.31142319135019003
0.7060793289547133
0.8274806391008168
0.09012667163489452
0.1586689060399965
0.76687875587681
0.23461593130015135
0.707919019341481
0.753639605943707
0.25713977704847135
0.07527453164749964
0.44352147535129094
0.6602451543459394
0.017368296488257773
0.416428849857454
0.8827948359110988
0.36522257203538777
0.3853337986254065
0.3808698538383688
0.9024914230126003
0.635992102624298
0.7992902083030314
0.5410291348686518
0.9897951574852146
0.551511610520605
0.53054664703145
0.0880445824145768
0.22145510190609485
0.3508899431906034
0.737015811348027
0.9772662305456525
0.017259380607116848
0.5009327310837453
0.773207558349964
0.3239373890105455
0.7108676615579603
0.5496530911059372
0.3682509972129061
0.6687121117531558
0.6275643673652748
0.017970540157040027
0.7892486582641483
0.4917370376201333
0.19902849479076312
0.8720900128739958
0.8052014968391682
0.21996812631065799
0.9943131303061659
0.8788786115455037
0.4255805179112374
0.0174536142320606
0.13506742691334206
0.662953541982579
0.6228363877437154
0.7066427103040186
0.7889658661004241
0.7332425860347818
0.200348537583666
0.6813901660248295
0.8449559494076839
0.7592412258708983
0.07045807803472015
0.8340070682127787
0.43282034089187427
0.38811939566650455
0.7860876474642741
0.15047138550887273
0.5098924481451734
0.8982498969812895
0.23913184001230325
0.40811819496796564
0.9916877488005149
0.9032354790179032
0.8235188041147193
0.3373298839321469
0.7273716401960094
0.11556116028336672
0.5820762058573254
0.9315634067215464
0.6493763902018918
0.5365755330550062
0.6643409926827567
0.0804990484499295
0.5550174304303426
0.9614539084760163
0.28318092797118455
0.8588903516407886
0.4302010404469717
0.6034474726572289
0.49307150354475326
0.7191421343040029
0.9021162358304453
0.8393884765623283
0.6131751489843008
0.6280927249700277
0.05328606366206934
0.899067645650961
0.9271735024935904
0.5082536410437846
0.6502819268068801
0.706499528628838
0.7639082993172077
0.8780523400821248
0.6630401294800399
0.08300966156907164
0.6816712663216873
0.5225974155330015
0.08629277926243573
0.31360970714437886
0.4351614001772133
0.8471324661162094
0.13088995984369123
0.8901234460080824
0.222433525099206
0.9972749047249927
0.21174148385160652
0.810403404744549
0.4462268428468744
0.9307889120260141
0.8775097378732293
0.5169520358342073
0.21205165647839674
0.25020547015769856
0.30910321494515025
0.5122413940583623
0.23402610460830664
0.06512836227238517
0.7862983089908105
0.3678581867449835
0.8426632930893868
0.4883652026061708
0.5270142777932155
0.3240155732472728
0.9355779187790663
0.46169242822113377
0.3299970910331125
0.572958059155435
0.6378589514046784
0.5883213444426749
0.4343623064183655
0.486210574793115
0.7450594958257937
0.9645714474986095
0.9862511231159594
0.20018434009337427
0.40656247578132465
0.021799453627505905
0.5913452662808338
0.034405378153329
0.6041688067470818
0.08597389259409083
0.7081569524649263
0.4920259917702673
0.2339883600714675
0.9768269913186153
0.9086794828816641
0.3639286669906211
0.6702700674033116
0.19265042565744894
0.3633810567242768
0.8861027661390033
0.73899509685066
0.9427849155066114
0.2375661065966288
0.19960712620332433
0.13620086627151495
0.1517234102057019
0.3957631846067512
0.08119184290731907
0.45078844122781947
0.4196919758223936
0.5800648594516591
0.18327768329520755
0.5036743588099105
0.014253062881642076
0.5230211955105556
0.5489772152994425
0.13677247357235534
0.26398478581640494
0.5052703813100964
0.983707049897136
0.17143651109523284
0.23431247429851176
0.6791334905705548
0.3213792496366582
0.35874624587709814
0.38821625346511546
0.9934905627224193
0.8999844018625676
0.9408915286363914
0.4118238779977833
0.09866843806449987
0.9177169309911302
0.5052730338684847
0.47693761862456663
0.39876269157365785
0.46621472032408295
0.635962447298693
0.6344332959030246
0.6058695060869457
0.5776571891608944
0.4834943503243365
0.10747378303659072
0.7088501262584967
0.43300659413948783
0.9004095639486098
0.9330573220655185
0.537972487149091
0.5767780411189197
0.7571236460644422
0.023650782336348763
0.524138819081011
0.9121730829227548
0.6234064336149964
0.11088551697367288
0.619077646372256
0.4955043201923568
0.8322859311822541
0.6405502362906517
0.9645162769449707
0.15807767495839686
0.9672558510914264
0.0067217987370963295
0.6838998011659687
0.01134723792483272
0.0493264149157262
0.5651723738484825
0.4373030138074916
0.8657059240601855
0.39274705665797727
0.4127860408221472
0.7520792028292878
0.6899744513271701
0.11933649231166532
0.9894562858874357
0.968237356689871
0.97422046738817
0.8912625553420184
0.556594162952713
0.24487759291349132
0.045520036155797694
0.29807976831898186
0.7698478547071818
0.5572069686558926
0.2450912959244712
0.032838061020790454
0.32654285764929725
0.22794056031509424
0.5297398003055847
0.9529324062814297
0.3329096192009582
0.06784067214770484
0.7157485316860471
0.8495232386215337
0.19073457971103502
0.03389453468113157
0.9750066005060897
0.5004660445933973
0.918762994803515
0.04817919372417967
0.39743698330137045
0.5194821995735203
0.42372839990159694
0.9309575051682271
0.2939534387100955
0.38425129750496334
0.804377972757686
0.9486241530483506
0.9145677786151708
0.44667649998703496
0.15188109665940297
0.30214817285657625
0.952565959039129
0.1959383148270406
0.65731184618761
0.5330253885427707
0.05128809000003631
0.4538924340276054
0.8353619058647068
0.6719124100634605
0.07681914785080524
0.18413203406732737
0.3983834502371352
0.3992244269381857
0.6352603638577666
0.9879083458875129
0.6498134401889886
0.5949618241928731
0.3727590778746902
0.5243230966134553
0.7472582700041761
0.37496248418093336
0.19665781443089836
0.3494463497843877
0.391693760071977
0.7890306282869529
0.378380940719969
0.44656343896041617
0.8994094785888556
0.7280119568984751
0.8465944604019656
0.23635198124699675
0.3301954007967294
0.2469041219366197
0.48984622832857216
0.09874215651760998
0.7793165519035103
0.6444637036248211
0.1737048937241733
0.25374041756785537
0.14272030806180158
0.047968181743067495
0.9071591209748743
0.5986658435617247
0.17921976340314572
0.21367216266922473
0.18984718935304135
0.4030608045531059
0.3674652281678511
0.27683006944837096
0.30226785121406274
0.13742133900922637
0.3622863322055202
0.4838539221979751
0.2064076007488872
0.06391267352471863
0.9849166467769209
0.6332262567622059
0.8901456644271379
0.9116747104955888
0.8338309075105498
0.7145191947453298
0.799293410818278
0.41989505946028016
0.779342009225809
0.3928723498735808
0.7628633549823644
0.4370371014224156
0.9373795348987497
0.8502476047818031
0.27070838375727957
0.11749982321350516
0.7465393353226639
0.09737674788826389
0.5170968961468677
0.14723141406600837
0.06408672507343771
0.6926670413943137
0.3934747448889965
0.5592573822454363
0.06471907812213584
0.4764196027276182
0.22645233952931287
0.2740118296884386
0.025406518558856894
0.7529791196230943
0.399292803483528
0.5064339169944062
0.18077725174305614
0.8474916514069246
0.4784616864458541
0.23238946232329905
0.2659801337290616
0.08685126247347463
0.24713255769143305
0.8193529345716265
0.47805356480650973
0.7954464988990035
0.003648048977553331
0.041703240264954644
0.046847921241810364
0.399300276770454
0.7203982872007415
0.7881667265311086
0.7235630921697502
0.34882687396273604
0.9495452170455982
0.14823060854302494
0.2829352395564998
0.8059623817998087
0.7813433725743218
0.6478342095838515
0.785304435337522
0.2234233954647703
0.1607240711498984
0.7739969301864406
0.8723704201739831
0.5038737996177218
0.44256486341398404
0.9246992052675659
0.9354132486595422
0.13732083476954582
0.8711758513586504
0.22274939322744902
0.6071088272164241
0.3778687026803378
0.8276789685600594
0.44048378813829625
0.7791318869865114
0.009661424061210844
0.6008658440246757
0.6201726078137392
0.9585126378680368
0.02697786052875062
0.9627493967283626
0.1627188202207105
0.9628865237201382
0.051321586802685726
0.17724162154443057
0.6766733450410637
0.5887744627455421
0.13696429342663097
0.45258853184217185
0.6547844379621494
0.7843478435323418
0.7663658960718127
0.5082214338470693
0.04956587965892112
0.602614373933269
0.17977788336875844
0.9833961354825679
0.6825247705758297
0.23328393977934136
0.8077536328618846
0.9258346171276011
0.2592010600656893
0.8565986937422893
0.8323550338630025
0.3614747727756289
0.8974799320233261
0.0028240721742487374
0.7113649544062975
0.6564025319572876
0.720100913918795
0.06261520867090697
0.012959659741760388
0.8905652354436175
0.16331446387907234
0.03470976131648451
0.5973843856506752
0.6523125885447553
0.30726799645089875
0.44034970842833066
0.7079669607519105
0.8812558609246149
0.9385724981742987
0.8824834200545176
0.527237318420693
0.8888093398219834
0.9095988100066116
0.9206702309404046
0.9172911900337125
0.043489716959682845
0.8775765455229437
0.8807552540217337
0.1073008458618846
0.6422663351254385
0.5305777974287534
0.9190041224438438
0.2276804252080814
0.15269228109411437
0.8048098007061183
0.0815290401686436
0.10366244526607404
0.5338774946358477
0.6667611251238934
0.92946699524261
0.5879033898578564
0.24896530232992753
0.4844829282171532
0.878047952465519
0.5355355422341245
0.47437785537031474
0.3115967623585778
0.07264685724516295
0.9573649139120259
0.32462507642343064
0.37145223587546383
0.37931079103399057
0.7669584589517731
0.05500625156155026
0.6041150034876446
0.9182960936065171
0.9791965498737639
0.5682249354056474
0.7797637900401536
0.26647374054999584
0.2353913348377359
0.4892439263372731
0.5965581177339876
0.6450126462478661
0.7426005459706656
0.9179834754271414
0.5449563021555142
0.23130976869503084
0.999557173254135
0.6946079900891355
0.403703117774873
0.2879749339541392
0.5645658681480944
0.20698759685410462
0.5836203985042026
0.4059702110550072
0.7662541649599125
0.5074370486408097
0.011784300353468335
0.7675788301387657
0.2267291253810163
0.8398822922213424
0.9553119791855675
0.5414792807264545
0.41999772303298655
0.9772609047488922
0.508424391126017
0.08895635399453417
0.46329538453969865
0.120779127138404
0.20262252358322452
0.058912875359158345
0.4105084714915488
0.059683375737745736
0.5691401121737496
0.39197377223423324
0.08207538954103588
0.7977546519197491
0.5300845305540972
0.10836616740110161
0.46275062184365756
0.0990270203640945
0.3463831440579297
0.7995605849793542
0.5052964144227252
0.47267011560170713
0.7093185287580906
0.0999767892076
0.2654425587644512
0.765814026073916
0.6035234766230307
0.6961195371773851
0.28216081100377277
0.3558612789565695
0.3993013794028364
0.9742539195280461
0.06403649245067444
0.4245854352657161
0.427761247190364
0.6712921174318893
0.2466238578306339
0.511703285255151
0.3470699694963947
0.1785559157212262
0.8796389065489695
0.4812609315232502
0.10343372913931559
0.9402559197359045
0.9419001690455056
0.8561838749530106
0.005101939807949263
0.8030022605034207
0.17050391029339496
0.03569891418679305
0.38581411471975313
0.8770614217317333
0.5187040706097977
0.561694647376772
0.14149115301303106
0.05619032889837494
0.25641002153523584
0.02212944896688085
0.4072798653941879
0.520666087444813
0.9117726093809393
0.5982757447424814
0.33679106121497115
0.960849881034012
0.5507276842032524
0.38434412617248515
0.6311338390035197
0.898091962639757
0.5358342091691172
0.01150863608403474
0.5992836458744857
0.5480707407804183
0.6302455144333428
0.02589777461855547
0.2103055003945864
0.6425698221566107
0.23077463487750416
0.5094240468899158
0.21229355263216543
0.07492218882501589
0.5005372524507593
0.04104500493688279
0.6565368237369524
0.8577888670120383
0.9540064552230565
0.520146416867546
0.38418816567029557
0.25232947018306895
0.8407564041445775
0.36119787517096036
0.7744416118076979
0.8402557793092671
0.4713569065607943
0.9980670768267809
0.1376820317076587
0.906226881311767
0.4215405525999174
0.6917882658123276
0.2376578861868297
0.9579204380329728
0.6067805992007964
0.13025456414508618
0.04048186171284529
0.3430546612348798
0.20864723228180815
0.7625415514314058
0.661056994009273
0.11059244037491545
0.9562521351823191
0.35087148602001406
0.23645231821586066
0.8271538287751284
0.5745846806449871
0.7321092675133083
0.059217222097694866
0.2426782337319745
0.7823098911095182
0.45091872368351926
0.5725587592027381
0.9849389900183536
0.632965487205994
0.9176485567060236
0.26023951826378267
0.9501554695935587
0.8163588601245986
0.11910218644966108
0.016142599540376112
0.031928400277130176
0.42625497308766613
0.17991382485353313
0.8893679846543753
0.9321960501451225
0.7633294154120135
0.6174340527297737
0.865661607646617
0.5715816250153463
0.8319629042209234
0.9263622038286972
0.40519310899212146
0.9604274169442651
0.7296015376123047
0.9885991841251401
0.6680507353258618
0.8873021120916768
0.35824342892159766
0.590081646340576
0.6040617931481084
0.4549286377514571
0.7114570923007033
0.594881972927672
0.5916615767424223
0.8263381161257061
0.0371080461829677
0.3757368549928183
0.21273218326999632
0.21050093603332143
0.8548859493800751
0.48190916468454315
0.19608938875376625
0.29410852314406766
0.638128115940034
0.4568042438918627
0.5101361085721374
0.14627817010675825
0.8861932507407908
0.22090536503520097
0.9724450549773833
0.2288839804849927
0.4616311046819326
0.557877008054359
0.8228644988330248
0.8644287539968835
0.029808326841987087
0.46052877543337256
0.13510170801066046
0.629357168627984
0.8653532661127731
0.05325971831386045
0.21036589622406277
0.09194625524992306
0.32093761749267036
0.32768022612163616
0.5537786296404997
0.5020528883476596
0.9755796328217401
0.14246896181170443
0.148330181364279
0.41869766154326027
0.7434295878287521
0.28487192608804235
0.9839742509069002
0.27716931926366783
0.6586313025321369
0.39783424867245043
0.427646458252683
0.8805278076937872
0.45290300528766825
0.5528397150296489
0.5818368547415949
0.2953023749431224
0.844668914225105
0.0766053317182408
0.0014043516091911679
0.0436438029081776
0.9003378117968264
0.7761483800813097
0.4354054550137305
0.1308907997440225
0.043398478725113376
0.19740108637227816
0.25531937807366045
0.6830902660789137
0.9082756643891955
0.8380455994428814
0.302139284671303
0.1033150868030146
0.6146419352825607
0.9562472817480968
0.55822379806609
0.8594267740599251
0.686815313836966
0.9516385635556831
0.21199106874883067
0.5272843982006703
0.013763185311137738
0.948525548248234
0.3299268836133108
0.8475470898260115
0.11537271388071146
0.5013747477743781
0.19007929017147362
0.8406391307020575
0.5179314339183215
0.7032764192004848
0.2617115439457265
0.018437039271882116
0.9594682701823379
0.38588396598306396
0.7771971197989654
0.5658443852389399
0.4233579832763078
0.5087967502037265
0.9150198488720861
0.4342778488758483
0.3417250404891874
0.24564476349440345
0.3187058238898375
0.8112329068047921
0.2204891989992782
0.1498774399973749
0.7175534479326023
0.3501009947489815
0.8669462543459304
0.4243646547640383
0.2770532889721531
0.5669448017981327
0.9330438654575727
0.5159224202027533
0.7800837891984688
0.8085879222505337
0.058352142838650756
0.18350287704095292
0.9747653134736206
0.435819436002325
0.35839528053650704
0.5291131325663762
0.4188659831455629
0.8477656342671367
0.426953121980973
0.28317110844152693
0.4938314177661599
0.08053578970669961
0.5511857251337772
0.5048043346739146
0.039470681272083974
0.3865728720742674
0.10097887229754055
0.33773867747108266
0.47460645094388587
0.8483464874887644
0.37871848402871944
0.1828840723949834
0.14572868891286062
0.7821345529976075
0.4859998925488672
0.6208978495516998
0.9962296052752128
0.3786785770044335
0.9753937484949754
0.8084757554953531
0.2709109891707473
0.8474989404594822
0.08990998641553805
0.5871675401954535
0.4421081005582994
0.44503763599110513
0.930524118389709
0.507852025964409
0.4680192610106675
0.6842131153178718
0.7513229622834605
0.8650529021058936
0.28245945161928254
0.8030683728336325
0.009734479356679038
0.5742115163836925
0.7815330047368485
0.08763781236108159
0.7319023945014732
0.2520956478388553
0.15041529296723233
0.21517594283423402
0.9090669286920958
0.9802080776876173
0.19252279190528
0.041859410417187215
0.6745810589880296
0.07079329364731479
0.4642071486736449
0.6909146165688478
0.247255317146164
0.8293726681104675
0.20551352315506732
0.6557146851864275
0.602220589553347
0.8569929080924215
0.12292636791562617
0.47294747545447713
0.7411417696723909
0.8434122986158359
0.6687513475605192
0.20265747051216432
0.039308945506789095
0.9404235700054001
0.03733462567176038
0.7313674855480031
0.08164437965207716
0.9550138629313025
0.6618514653408274
0.0501155287014885
0.9259592907096156
0.24209350840004373
0.6220807668213126
0.38690801096505445
0.4714068870543595
0.9372279711459252
0.45286171496990524
0.5969535095228379
0.26251474018137266
0.5048513041297024
0.619571919766359
0.24470134335496185
0.8912178208877863
0.45796401814342835
0.5877688589614831
0.8812996353091869
0.56286990584596
0.42985056105169017
0.3895141930137971
0.8564280335566112
0.5740729626193127
0.632102138636829
0.1624493023887752
0.5414945338561842
0.08755244057759626
0.11021401610161408
0.2521582805661202
0.45154548395429017
0.6541780375957966
0.13662985847963605
0.833477542859762
0.7671907403306282
0.7851355990988469
0.19625786447737603
0.40129032714271773
0.8878972301454754
0.18064927997866287
0.005056221127131111
0.06022788268356094
0.8772768306789586
0.6333058095816602
0.7816752966536283
0.046043677858295995
0.5282395595680465
0.2381916461296969
0.8355420264586989
0.21802681230964072
0.14028055767536018
0.5782555758450352
0.04498156361726424
0.7801643718457294
0.1169395850786169
0.6488703269442277
0.7564156001042189
0.5841298613605274
0.8771176330964248
0.8121974054511972
0.4534634852953854
0.7166990112700071
0.47605235719360894
0.14073223552751424
0.16078029131435057
0.05242226496469382
0.6424560803725549
0.44452878287365394
0.16865815473289458
0.2478778295724583
0.4622272094004982
0.14748832578098447
0.5106347972540088
0.4385119395854373
0.5446470081098653
0.4044896817727607
0.32655702102957207
0.5859812542626482
0.2958753551205794
0.3195917411002932
0.11022640933423755
0.16006884350395056
0.44719348563001693
0.7168164373576453
0.5809311767970964
0.5769856352399864
0.9557339833358036
0.6228127867155663
0.39918687101176287
0.0770579912390531
0.5905145706664656
0.7672347289145535
0.8133389414565648
0.8552320680884574
0.4862320827211821
0.5863791956002365
0.06283560358805951
0.06526870127039697
0.07144159125975424
0.6431254841332654
0.08702444268566589
0.9115717871256205
0.9984517656945886
0.4754276231191764
0.09594642637993245
0.8267587195000756
0.9060915307223024
0.21878807398162403
0.0448541432411782
0.8916924421474028
0.8495945316772099
0.5175764106693607
0.4300605823443149
0.4693036915390383
0.31869687967248317
0.6268054570408921
0.41331937906313054
0.6234596013166426
0.7954845343904721
0.8259259208533289
0.027270464653898707
0.5529481857894755
0.7499690250079389
0.2530710409033924
0.24925149803663227
0.7242646532877928
0.22895399998633814
0.6859568691557526
0.5057269405320527
0.10277177999582676
0.20827819494127042
0.4023079142066399
0.5638249835892388
0.7464731827116162
0.4986735843913739
0.734407205811231
0.5141630320058295
0.2935442608782626
1.2557331144036343E-4
0.49047261955102506
0.9857750111228373
0.9442179007301632
0.658178718109204
0.6300015851889834
0.3515173979383488
0.24129878934031956
0.658528333778051
0.47013982406325094
0.29646141847994556
0.8470016697168792
0.28100498732122703
0.30419968896177096
0.7850565858231326
0.6552872121207342
0.15674219945436552
0.9586807116649468
0.46562479382111255
0.767190448058266
0.5747829080173722
0.502506512547724
0.9869373025989013
0.8244955856771838
0.5078251964740723
0.46256159964934684
0.0027506682264444304
0.6284721452879958
0.9870802968844927
0.16308292721238626
0.31249949726151327
0.6551485255244438
0.2615641466989953
0.6702359258063375
0.6017088551085599
0.9697697609841053
0.04043179579135159
0.5054435924420582
0.895134592311433
0.32784437846246395
0.8239285387555088
0.9568285949868095
0.5054087121904245
0.3437143309108117
0.9864237870536677
0.7886725363749212
0.7170154266630199
0.7382670194256555
0.45651875660266306
0.017317159299414797
0.9864676939870562
0.07601531828526864
0.39807671737182637
0.9600006251563481
0.4359384561116486
0.13422320717919356
0.8164680616586708
0.4535220326824636
0.5182588182606276
0.021681320811480775
0.8873554319584078
0.1815021312915832
0.6103033477258991
0.26428406531609483
0.7233392579437041
0.1985264715038838
0.43885440226085537
0.9169031571236723
0.8684536004253822
0.922238297881583
0.9056467198479727
0.6063845002386843
0.19466009586998378
0.5080663801931169
0.9523477892985618
0.842285346712015
0.7704404449241061
0.3230679383862822
0.7427688511379945
0.7330225775508935
0.47890319869496567
0.3402735822689823
0.23437971009854908
0.21495721973851345
0.8233004148012363
0.6597934095497892
0.7668719171240986
0.3013817555306276
0.5426630211265008
0.6029265929987428
0.30037259118812076
0.9985461644375452
0.12140265967743802
0.5805898583293653
0.23992946614298727
0.2590265768511878
0.9710881636954328
0.8642509343827487
0.2507541659947179
0.7124567183021584
0.9999881932510041
0.11152733928711211
0.610739381914689
0.764902501590433
0.6784985377655228
0.3819525687485382
0.7165674496189981
0.7542650194871102
0.719228712423163
0.38358872310000736
0.6582102400092168
0.4885959135959129
0.5376515258050362
0.23475775470986915
0.6674103881320947
0.7552679466484162
0.8402553334815106
0.4206917555388706
0.9124473758568423
0.9884437986427439
0.882769086627604
0.9540804802375203
0.7725264503137723
0.5790262470009139
0.7863736019194779
0.9614335974646907
0.240173889545917
0.5511061424626558
0.8176900355476031
0.3615539921695814
0.5312382448475532
0.7579427053579844
0.38065516777213526
0.9662995858780529
0.14631094334573946
0.950450454306813
0.6363918452174409
0.9169646773521279
0.0713788994981811
0.8945347251153959
0.5059361867322645
0.9903668435533539
0.25001486076597745
0.9739691803693337
0.10396230371566306
0.9112386624680712
0.9763849730713882
0.17489203070504455
0.20676278084465693
0.3868544090918603
0.7569749768234186
0.4159450246438523
0.12126060857118448
0.5488202675134022
0.03931013484631718
0.14935080895030695
0.043757138198480705
0.012320086461472646
0.8108811911856525
0.02056057629878527
0.6348079321192956
0.6968199281879126
0.08606433342427511
0.9770791312281493
0.67236361021415
0.9636320180737368
0.17532484548671634
0.03030201175140168
0.9919012846248828
0.5366207158304713
0.844891902101511
0.45728340917890753
0.8836705990833444
0.3519138284477531
0.40010011050503236
0.1683787083540862
0.7880148642898369
0.04461046533299651
0.43351976658192237
0.3352832690466683
0.554872581398955
0.5848001366750128
0.06853170230504801
0.7241725195644918
0.8261214919816867
0.446813544201926
0.001547078709227434
0.30535577805180947
0.6975249044907625
0.03855260086031398
0.5409686922073912
0.7977425865727933
0.416898118104403
0.49777681718996813
0.568860464995327
0.5830869299094844
0.04203664752902592
0.4206779353317135
0.28273453569094564
0.21524646475047782
0.667949258740794
0.7999500762831568
0.44154113352582924
0.049356577000639223
0.8358468152820393
0.8459124880182678
0.17775141919880855
0.8140990971020309
0.22884352161397292
0.821054444172009
0.8856816764847759
0.21949018286593935
0.10058296755628215
0.5154515879563962
0.9505449313342416
0.0685728468189678
0.5671213419478985
0.17523878080692246
0.05885907927537726
0.9935922012937234
0.5719822907075017
0.5859755938319223
0.1351670577597115
0.16338954365205582
0.7370732885466806
0.41833980474013244
0.5344074183061549
0.7326056362885607
0.37823745078134197
0.25883478569137786
0.3292510547162013
0.526123884947306
0.7744154505525482
0.8867917321021914
0.9728276754958569
0.06417180463188643
0.19984542776621794
0.2677367828781694
0.2789693008568058
0.5279540140608157
0.6953402619581908
0.7394008193928658
0.25725103968245466
0.3272330865102876
0.7565005870308652
0.39861877249891986
0.4134168084144155
0.4305555187376703
0.7056142577757285
0.8321689327767825
0.7996935531822362
0.746956196939907
0.15989204751055075
0.6152853391972934
0.27716332768895013
0.01384872411122462
0.3226078841451284
0.5433312164363283
0.5033523667617488
0.044199719666038306
0.08780354701556925
0.5409150769362618
0.16373945429982806
0.3791883413825752
0.06293118807140963
0.15182653766162568
0.23355000980159613
0.5253913625386274
0.09571416074516392
0.5560477323672763
0.4444240750514269
0.6229021431153473
0.32122399722382045
0.7637350747701491
0.3775963687737365
0.30050273060448274
0.4714353884357525
0.8847476284668149
0.893638921677019
0.2222744157271217
0.32817415050565535
0.2956498270039377
0.34469132540666403
0.35001979627382307
0.7625353080431793
0.21533638234583896
0.09079821357146933
0.05335727041254068
0.9216820746230827
0.4141719595961483
0.2599627885818886
0.43403395296372127
0.6674730406254807
0.33813217230978176
0.17216008054191878
0.032434470356976886
0.3189801222701971
0.46334599614597627
0.6183679458161355
0.7512127240456402
0.6297935631897681
0.31788859182237084
0.6268281096609576
0.022280442407881407
0.09278306344740828
0.1321422697391984
0.35103804895357793
0.814346776849668
0.4462249053627301
0.0779401789126053
0.8512975918976412
0.5717373508088014
0.8324508737849431
0.7437818276899177
0.39474698288076626
0.27525276597770565
0.17935493260673907
0.39052177606295224
0.15719602431811774
0.3184755325626326
0.9924987811492971
0.5738094216305094
0.02029848043966409
0.04000666242332973
0.35250742694059123
0.5537013640635128
0.2095626181088165
0.9273144096644108
0.919292062560451
0.4517793248715509
0.009978573757404519
0.49556189898410796
0.48116829164927366
0.48493185871903743
0.6441196203605936
0.3621613162549532
0.3134761635841209
0.9288662490434011
0.029721656431883958
0.5215441633391273
0.6326063459324289
0.35251968882027096
0.2683672804949596
0.48116189372353724
0.21345214116532762
0.586170912354653
0.8962282381930682
0.9396303913334345
0.19154813119512049
0.9538675317355638
0.8938249769979573
0.5057689522597147
0.37221367482857914
0.0953730029610852
0.4280216207981292
0.23421493094318035
0.3860988845234229
0.8890655669199352
0.28724915457114
0.9503889243829565
0.0340586001202422
0.2475906102646278
0.2846461680069239
0.5543558301442125
0.6284046523040961
0.6241188518525603
0.9465860473287567
0.6579375191594268
0.10348520350200174
0.9975918735761752
0.8303497088367346
0.5503126061208772
0.11524273873430801
0.06535235242295812
0.534961792522661
0.6435687658516318
0.23442903480427657
0.01471964806141135
0.8650975237894024
0.9367765067315067
0.18614557071671933
0.7878484321202505
0.6168652481874689
0.6735728831406018
0.6893752295436465
0.8205538973756141
0.17723478777098378
0.14848650709433409
0.4886800453127228
0.4911422143517655
0.8410395703579601
0.8596782791225458
0.8157744408285953
0.8059990305988383
0.31556120306530944
0.7683405747211776
0.6159620012836817
0.5410605307168018
0.5378515465134841
0.27831843763540276
0.492534004252552
0.0195562980902515
0.8697557516968333
0.5902097179439028
0.4397094557902195
0.6250342537738379
0.22707121863128876
0.04761251579329062
0.8134519144731253
0.7349432506905778
0.1708366427705864
0.12094328015699618
0.8618712693946025
0.21140701430938347
0.134876659900791
0.4310004155190501
0.34059000091049485
0.9363236473779255
0.4957737103251991
0.18365199429306678
0.2815058807592433
0.6335988563284828
0.9284381663788052
0.42437381923839956
0.41520938220602543
0.7619505547599331
0.947198613669614
0.029352642328239975
0.4349107825089592
0.8037771554306463
0.7838687999306558
0.33795578348141264
0.2702446518014243
0.796671387520016
0.7025670107141591
0.7031650510352648
0.48150332322643996
0.1304222571771062
0.5993729681816565
0.15807222334409476
0.9626430734855888
0.6032922688076426
0.12173608015869841
0.6185004760949906
0.5369033476554855
0.24147439112684876
0.1474717582140046
0.20070333371161175
0.7071070010301016
0.21604802076599394
0.785984861510123
0.6578735772559351
0.5831332133413335
0.4050225607293769
0.42988814556589006
0.2333136662020049
0.83832277373897
0.6706883805657922
0.984908715996528
0.9707072631072761
0.5508722698646445
0.26924289029324255
0.7156756184783397
0.7884604112771826
0.3928575858384188
0.07889606305705843
0.6003746597889412
0.7190872472755304
0.7572231830927745
0.4910815041513128
0.7835250735455846
0.5657372179284974
0.877673965970686
0.4776521474251447
0.4120243047179778
0.11938719102940476
0.500342690827949
0.6556964201695392
0.21213817995320683
0.24527085136492766
0.6250793939894277
0.4255813042648392
0.009899350041777222
0.7392849423394539
0.03849862752327937
0.3872341860455437
0.21093648219725147
0.2958212639448442
0.9679868556304502
0.6215982693168739
0.051891119926678164
0.4790630637235851
0.935626811440855
0.8454465068874463
0.3554582888644957
0.12901027121209763
0.202791707103135
0.0506441449331565
0.7927540532458324
0.3200219788307872
0.7679412873124017
0.12580247592886573
0.9351226276834621
0.4537841548239403
0.7654328281297985
0.6852065119686358
0.4327558462391786
0.17282544916880027
0.6735574854355917
0.8421461450477213
0.21590657124127122
0.2269495256142371
0.4169687410592281
0.7814643507213734
0.3449103353550258
0.1692229313297391
0.06277966059050533
0.2830669352025794
0.4903206620803222
0.30035448267804765
0.5003414139613541
0.9439119613308173
0.5354647041748632
0.3877396448471184
0.8883877680512823
0.5008534869313604
0.9126752920345799
0.7636514542537404
0.6795566273463209
0.8997983714303369
0.17335502317861173
0.5494040722176794
0.0051550575862008285
0.45898187203015794
0.9730678035142342
0.6923085705579288
0.7213484088053534
0.6548288992335969
0.3388527496560706
0.8226256891517875
0.40348450477550146
0.7617313816001119
0.15205491039549024
0.2824896048931408
0.3489079697399684
0.0026654468042379698
0.9779449655163
0.3107738745013854
0.4611877011909076
0.21877713415448097
0.28261935225425217
0.5872034315155046
0.8983470634886811
0.12269934831514939
0.8207894955711145
0.6228904401428053
0.2849774971477501
0.8183765328541491
0.4010690940231778
0.7699876973923676
0.6504648819287794
0.05919114503344958
0.3878557292710155
0.18137672381716752
0.318458536417208
0.13830440341472616
0.36307866525585475
0.3657668344665017
0.6116523186496359
0.6464621517157723
0.9938011792553553
0.22726670177556618
0.6899799392473354
0.06362009560040593
0.8555752629027791
0.2162126816091835
0.38442213265628233
0.8824281420130363
0.18633525265005768
0.3705173805902189
0.9901737617661869
0.986528149896863
0.8952533107150887
0.08156021290119297
0.7606302678966873
0.6280024257716496
0.4795039225103511
0.641890535170214
0.07246746852803654
0.358431291680413
0.25759757168983455
0.7920322264079728
0.6858020411830585
0.9356126433857582
0.1804712386724604
0.7237750620166553
0.7126100489956959
0.9394437319840954
0.3514024031517512
0.6732244358169697
0.08275654422906886
0.4817349227797184
0.8333696194651066
0.2099813432593407
0.7445771703198131
0.22773973509736023
0.8602037651416888
0.37286730315554695
0.3015444203116018
0.03593275778962168
0.7319361693771591
0.0319095017068004
0.31123071238064703
0.7346040613198362
0.19912282487977528
0.05186415370230635
0.7256461210691498
0.19258724433945362
0.38921168488673963
0.06849488952325733
0.5751800341596155
0.9723811221499413
0.4177676303756238
0.47639667630992255
0.35247477545751527
0.9947867440931007
0.6757010305269932
0.6354791807035334
0.14744135250590418
0.7648775885739261
0.22621985880391815
0.14400592159479142
0.12061772680076721
0.22873269011721076
0.338730478965812
0.3281873723275013
0.03856487470127712
0.2999286440619936
0.16918102278717784
0.6122388978612417
0.7801863872936972
0.5694586614801339
0.38599631182424243
0.9823296687724417
0.5799960739169764
0.8983924566062611
0.695315207407881
0.38278442310740457
0.4499506547182902
0.6648462497441303
0.4846343564955037
0.8222640897431317
0.45877701749883626
0.7555765988858262
0.6375475965445253
0.28459299192909293
0.8768326964129003
0.9679826094213931
0.8499673929928601
0.16783708040357914
0.0668901485093969
0.13318550160737808
0.9924322595418694
0.7256145923712174
0.06582481682650365
0.22778001642073065
0.4161157416214877
0.9342186560407114
0.019934116093642706
0.029083822661741365
0.5971075310812559
0.5307598865562053
0.007556912079612732
0.6270225198075328
0.5321372123249084
0.10186075809631834
0.5777324023427334
0.769354736675718
0.2031702925184944
0.015475197666263374
0.9337237060852512
0.203381176585253
0.46244025253108967
0.2783897346132569
0.781088790105655
0.8452420221135186
0.7397259112144817
0.9976521051737983
0.6902733380920887
0.30927973030746425
0.4479362146553202
0.45044471472975
0.23592171364023296
0.8275310241840236
0.20827421872235774
0.9548822008896826
0.7529927819293845
0.7233411899742569
0.9403708451052405
0.21194757967432865
0.25290586156069217
0.7222395079997731
0.33784211494581484
0.17734945575201766
0.9179673118532848
0.4700867551686454
0.06169294551061755
0.33459558733873596
0.274617891131674
0.3256366996606539
0.20627321925432363
0.684987443413945
0.03323890307464783
0.8479731626284515
0.8159140230375109
0.890752266985522
0.12334399156612186
0.21414243100650565
0.03692753116744274
0.9315973204709169
0.9024475288291675
0.07563052177324536
0.5588743001203373
0.4465502454301701
0.930475996089707
0.8778059268408936
0.3081562158873594
0.9009874312910462
0.1403199513712864
0.0397296719110255
0.2274583107255469
0.636061798326847
0.12264469942680667
0.8225223970394681
0.7535918802700757
0.08199034553541695
0.831949440275516
0.9854061157814084
0.4861437761096038
0.9091582122637472
0.3858122297646577
0.46861685756254123
0.010469794798602994
0.0565656587402682
0.9262765591135189
0.16397379111654664
0.936983451181165
0.8271856096183777
0.34784786047003535
0.058642603638486945
0.750987915847351
0.3810093352913435
0.4659245662594349
0.24935909364374298
0.11301501902533095
0.6383653546034576
0.5816293784358789
0.9599069730443573
0.2794827715680539
0.3707047562379765
0.3833785376512885
0.8632048991784469
0.20947965923081635
0.11670217566148344
0.07994337759785952
0.8709374057640249
0.4321240936528087
0.9999240406059726
0.3623988050594904
0.9909235819039778
0.046092226910509404
0.7846473619152016
0.7170425063147611
0.30021846237911143
0.6230837925646386
0.06459960242192986
0.18268911628499807
0.9358922300197898
0.8667565900205786
0.4032932946749975
0.35076577213316484
0.2161884605608888
0.5404075586862389
0.15274220950782924
0.6603086450988408
0.9135640499138941
0.9436588907018991
0.244312799621078
0.6511113239350095
0.06036893222704376
0.8472941367069933
0.29025812342881163
0.8079332927085365
0.0973634868500266
0.8784322510537272
0.7738354332063139
0.9112575699269256
0.25247083579625196
0.10633631460337067
0.4048302901358015
0.8492856863672726
0.2948816914527327
0.24988483083600865
0.5084327352959621
0.48014568403285185
0.08517537026590116
0.7754006137953166
0.48816624267169517
0.19155144298625193
0.86183119847597
0.4957652634532227
0.641629704200792
0.2796046011377602
0.39128493853118484
0.6380624216304914
0.9055630172519258
0.43850017265177943
0.9095346054444656
0.37668942852014775
0.7629767812109736
0.6578252881728245
0.5275398482289863
0.40193624565459696
0.8888643492474272
0.40093594810155364
0.48409008741025383
0.3742503117677868
0.5204105659984006
0.36107029674171676
0.6147958013883978
0.4628985659165402
0.19384421117806028
0.5672517578230777
0.6254865323748133
0.6377495993273662
0.03133940776244459
0.7421566313701926
0.05589532725264834
0.2108970446601477
0.9042104159558021
0.2611273563916622
0.22260237649918557
0.3531831366406234
0.28519372275387256
0.7182091894587697
0.8275376740236896
0.7080094760078596
0.7145932046191747
0.6614157098029856
0.546344218206637
0.6965797110632713
0.3470447904814613
0.7029476513681893
0.25330624684386405
0.324297137194724
0.599908517813843
0.4648667707256833
0.9333581106094858
0.9498341281299634
0.5680010365192892
0.058585461959420604
0.8107602162007936
0.05040681515038259
0.5680763554531496
0.32614459021701925
0.42776199335833076
0.43830144938926907
0.9882678455896776
0.17713127440495857
0.4856628551286155
0.38526220245963716
0.01438480542875753
0.577226232399145
0.3289396492069844
0.5887655197830378
0.4447299070127494
0.1400028944672027
0.028172617549748757
0.22472267383719258
0.9097164279383703
0.7734080846394227
0.28306524280252565
0.6696796524218053
0.46656633120609625
0.9481599608775388
0.9462700811018558
0.4552612907877649
0.7965293580235592
0.15434622933656816
0.6161063001210152
0.7707434788578326
0.9473487643909327
0.8812955300241117
0.6734916150638736
0.41065963286499063
0.9036227273557308
0.48186940439269055
0.17253784504002023
0.4731330897756565
0.9189101040297661
0.8152443401141903
0.671675222494785
0.344699492473189
0.8230441690030379
0.7965788649327149
0.475501959311885
0.13939777169467304
0.34362571849033374
0.11982547914588548
0.5144176791964382
0.42184591281195205
0.9142180506409407
0.5456205339786251
0.7424746333363752
0.21887966912151746
0.8365221100275929
0.6076763806081078
0.08674642197254645
0.8987930512567143
0.35818987978223393
0.4952144039264471
0.7095347876141755
0.7352898621143716
0.778249449911276
0.8124705676940457
0.7700304219092662
0.3253503272365882
0.8180900219737373
0.42291342192736925
0.9065022596831552
0.5640390849526926
0.9169869850096622
0.49536975301069364
0.5446038737638516
0.37670139598995955
